(kicad_pcb (version 20171130) (host pcbnew "(5.1.5)-3")

  (general
    (thickness 1.6)
    (drawings 21)
    (tracks 290)
    (zones 0)
    (modules 49)
    (nets 25)
  )

  (page A4)
  (layers
    (0 F.Cu signal)
    (31 B.Cu signal)
    (32 B.Adhes user hide)
    (33 F.Adhes user hide)
    (34 B.Paste user hide)
    (35 F.Paste user hide)
    (36 B.SilkS user hide)
    (37 F.SilkS user)
    (38 B.Mask user hide)
    (39 F.Mask user)
    (40 Dwgs.User user hide)
    (41 Cmts.User user hide)
    (42 Eco1.User user hide)
    (43 Eco2.User user hide)
    (44 Edge.Cuts user)
    (45 Margin user hide)
    (46 B.CrtYd user hide)
    (47 F.CrtYd user)
    (48 B.Fab user hide)
    (49 F.Fab user hide)
  )

  (setup
    (last_trace_width 0.254)
    (trace_clearance 0.2032)
    (zone_clearance 0.2032)
    (zone_45_only no)
    (trace_min 0.1524)
    (via_size 0.762)
    (via_drill 0.381)
    (via_min_size 0.635)
    (via_min_drill 0.3048)
    (uvia_size 0.635)
    (uvia_drill 0.3048)
    (uvias_allowed yes)
    (uvia_min_size 0.635)
    (uvia_min_drill 0.3048)
    (edge_width 0.127)
    (segment_width 0.254)
    (pcb_text_width 0.254)
    (pcb_text_size 1.524 1.524)
    (mod_edge_width 0.2032)
    (mod_text_size 1.27 1.27)
    (mod_text_width 0.2032)
    (pad_size 6.985 6.985)
    (pad_drill 3.6576)
    (pad_to_mask_clearance 0.0508)
    (solder_mask_min_width 0.2032)
    (aux_axis_origin 0 0)
    (visible_elements 7EFDB63F)
    (pcbplotparams
      (layerselection 0x010e0_ffffffff)
      (usegerberextensions false)
      (usegerberattributes false)
      (usegerberadvancedattributes false)
      (creategerberjobfile false)
      (excludeedgelayer true)
      (linewidth 0.100000)
      (plotframeref false)
      (viasonmask false)
      (mode 1)
      (useauxorigin false)
      (hpglpennumber 1)
      (hpglpenspeed 20)
      (hpglpendiameter 15.000000)
      (psnegative false)
      (psa4output false)
      (plotreference true)
      (plotvalue true)
      (plotinvisibletext false)
      (padsonsilk false)
      (subtractmaskfromsilk false)
      (outputformat 1)
      (mirror false)
      (drillshape 0)
      (scaleselection 1)
      (outputdirectory "PCB-Order/"))
  )

  (net 0 "")
  (net 1 GND)
  (net 2 "Net-(Q1-Pad2)")
  (net 3 -5V)
  (net 4 "Net-(C4-Pad1)")
  (net 5 "Net-(C4-Pad2)")
  (net 6 +5V)
  (net 7 BB_EN)
  (net 8 VOUT)
  (net 9 SCL)
  (net 10 SDA)
  (net 11 BB_ALERT)
  (net 12 "Net-(C3-Pad2)")
  (net 13 "Net-(C3-Pad1)")
  (net 14 "Net-(C5-Pad2)")
  (net 15 "Net-(C6-Pad2)")
  (net 16 "Net-(C7-Pad2)")
  (net 17 "Net-(C17-Pad1)")
  (net 18 "Net-(C18-Pad1)")
  (net 19 "Net-(C18-Pad2)")
  (net 20 "Net-(R2-Pad1)")
  (net 21 "Net-(R5-Pad1)")
  (net 22 "Net-(JP1-Pad2)")
  (net 23 "Net-(JP2-Pad2)")
  (net 24 VCC_BB)

  (net_class Default "This is the default net class."
    (clearance 0.2032)
    (trace_width 0.254)
    (via_dia 0.762)
    (via_drill 0.381)
    (uvia_dia 0.635)
    (uvia_drill 0.3048)
    (diff_pair_width 2.54)
    (diff_pair_gap 2.54)
    (add_net +5V)
    (add_net -5V)
    (add_net BB_ALERT)
    (add_net BB_EN)
    (add_net GND)
    (add_net "Net-(C17-Pad1)")
    (add_net "Net-(C18-Pad1)")
    (add_net "Net-(C18-Pad2)")
    (add_net "Net-(C3-Pad1)")
    (add_net "Net-(C3-Pad2)")
    (add_net "Net-(C4-Pad1)")
    (add_net "Net-(C4-Pad2)")
    (add_net "Net-(C5-Pad2)")
    (add_net "Net-(C6-Pad2)")
    (add_net "Net-(C7-Pad2)")
    (add_net "Net-(JP1-Pad2)")
    (add_net "Net-(JP2-Pad2)")
    (add_net "Net-(Q1-Pad2)")
    (add_net "Net-(R2-Pad1)")
    (add_net "Net-(R5-Pad1)")
    (add_net SCL)
    (add_net SDA)
    (add_net VCC_BB)
    (add_net VOUT)
  )

  (module "Rays Footprints:MP8862GQ" (layer F.Cu) (tedit 5ED8840B) (tstamp 5ED8EC30)
    (at 99.8982 77.1906)
    (path /5EEDA3EC)
    (fp_text reference U1 (at 0 4) (layer F.SilkS)
      (effects (font (size 1 1) (thickness 0.15)))
    )
    (fp_text value MP8862GQ (at 0 -4.5) (layer F.Fab)
      (effects (font (size 1 1) (thickness 0.15)))
    )
    (fp_line (start -2.1 2.1) (end -2.1 -2.1) (layer F.CrtYd) (width 0.05))
    (fp_line (start 2.1 2.1) (end -2.1 2.1) (layer F.CrtYd) (width 0.05))
    (fp_line (start 2.1 -2.1) (end 2.1 2.1) (layer F.CrtYd) (width 0.05))
    (fp_line (start -2.1 -2.1) (end 2.1 -2.1) (layer F.CrtYd) (width 0.05))
    (fp_circle (center -1.45 -1.45) (end -1.4 -1.4) (layer F.SilkS) (width 0.12))
    (fp_circle (center -1.45 -1.45) (end -1.4 -1.35) (layer F.SilkS) (width 0.12))
    (fp_circle (center -1.45 -1.45) (end -1.35 -1.25) (layer F.SilkS) (width 0.12))
    (fp_circle (center -1.45 -1.45) (end -1.3 -1.15) (layer F.SilkS) (width 0.12))
    (fp_line (start -1.1 1.45) (end -1.45 1.45) (layer F.SilkS) (width 0.12))
    (fp_line (start -1.45 1.45) (end -1.45 1.1) (layer F.SilkS) (width 0.12))
    (fp_line (start 1.45 1.45) (end 1.1 1.45) (layer F.SilkS) (width 0.12))
    (fp_line (start 1.45 1.1) (end 1.45 1.45) (layer F.SilkS) (width 0.12))
    (fp_line (start 1.45 -1.45) (end 1.45 -1.1) (layer F.SilkS) (width 0.12))
    (fp_line (start 1.1 -1.45) (end 1.45 -1.45) (layer F.SilkS) (width 0.12))
    (pad 16 smd rect (at -0.75 -1.45) (size 0.25 0.8) (layers F.Cu F.Paste F.Mask)
      (net 13 "Net-(C3-Pad1)"))
    (pad 15 smd rect (at -0.25 -1.2) (size 0.25 1.3) (layers F.Cu F.Paste F.Mask)
      (net 12 "Net-(C3-Pad2)"))
    (pad 14 smd rect (at 0.25 -1.2) (size 0.25 1.3) (layers F.Cu F.Paste F.Mask)
      (net 4 "Net-(C4-Pad1)"))
    (pad 13 smd rect (at 0.75 -1.45) (size 0.25 0.8) (layers F.Cu F.Paste F.Mask)
      (net 5 "Net-(C4-Pad2)"))
    (pad 8 smd rect (at 0.75 1.45) (size 0.25 0.8) (layers F.Cu F.Paste F.Mask)
      (net 11 BB_ALERT))
    (pad 7 smd rect (at 0.25 1.2) (size 0.25 1.3) (layers F.Cu F.Paste F.Mask)
      (net 15 "Net-(C6-Pad2)"))
    (pad 6 smd rect (at -0.25 1.2) (size 0.25 1.3) (layers F.Cu F.Paste F.Mask)
      (net 10 SDA))
    (pad 5 smd rect (at -0.75 1.45) (size 0.25 0.8) (layers F.Cu F.Paste F.Mask)
      (net 9 SCL))
    (pad 12 smd rect (at 1.45 -0.75) (size 0.8 0.25) (layers F.Cu F.Paste F.Mask)
      (net 16 "Net-(C7-Pad2)"))
    (pad 11 smd rect (at 1.45 -0.25) (size 0.8 0.25) (layers F.Cu F.Paste F.Mask)
      (net 1 GND))
    (pad 10 smd rect (at 1.45 0.25) (size 0.8 0.25) (layers F.Cu F.Paste F.Mask)
      (net 1 GND))
    (pad 9 smd rect (at 1.45 0.75) (size 0.8 0.25) (layers F.Cu F.Paste F.Mask)
      (net 14 "Net-(C5-Pad2)"))
    (pad 4 smd rect (at -1.45 0.75) (size 0.8 0.25) (layers F.Cu F.Paste F.Mask)
      (net 20 "Net-(R2-Pad1)"))
    (pad 3 smd rect (at -1.45 0.25) (size 0.8 0.25) (layers F.Cu F.Paste F.Mask)
      (net 7 BB_EN))
    (pad 2 smd rect (at -1.45 -0.25) (size 0.8 0.25) (layers F.Cu F.Paste F.Mask)
      (net 1 GND))
    (pad 1 smd rect (at -1.45 -0.75) (size 0.8 0.25) (layers F.Cu F.Paste F.Mask)
      (net 24 VCC_BB))
    (model ${KISYS3DMOD}/Package_DFN_QFN.3dshapes/QFN-16-1EP_3x3mm_P0.5mm_EP1.8x1.8mm.step
      (at (xyz 0 0 0))
      (scale (xyz 1 1 1))
      (rotate (xyz 0 0 0))
    )
  )

  (module "Rays Footprints:Mount-Hole-#6" (layer F.Cu) (tedit 5EA46327) (tstamp 5EDA7DF1)
    (at 120.65 91.44)
    (path /5EF6BD72)
    (fp_text reference MTH5 (at 0 0.5) (layer F.SilkS)
      (effects (font (size 1 1) (thickness 0.15)))
    )
    (fp_text value "Mount Hole" (at -2.159 -4.064) (layer F.Fab)
      (effects (font (size 1 1) (thickness 0.15)))
    )
    (fp_circle (center 0 0) (end 3.558267 0) (layer F.CrtYd) (width 0.127))
    (pad 1 thru_hole circle (at 0 0) (size 6.985 6.985) (drill 3.6576) (layers *.Cu *.Mask)
      (zone_connect 2))
    (model C:/Users/ray/OneDrive/Projects/kicad/3-3DModels/Screw-6-32-0p125.stp
      (offset (xyz 0 0 -3.25))
      (scale (xyz 1 1 1))
      (rotate (xyz 0 0 0))
    )
  )

  (module "Rays Footprints:Mount-Hole-#6" (layer F.Cu) (tedit 5EA46327) (tstamp 5EC972E6)
    (at 78.74 114.3)
    (path /5ECA813E)
    (fp_text reference MTH3 (at 0 0.5) (layer F.SilkS) hide
      (effects (font (size 1 1) (thickness 0.15)))
    )
    (fp_text value "Mount Hole" (at -2.159 -4.064) (layer F.Fab)
      (effects (font (size 1 1) (thickness 0.15)))
    )
    (fp_circle (center 0 0) (end 3.558267 0) (layer F.CrtYd) (width 0.127))
    (pad 1 thru_hole circle (at 0 0) (size 6.985 6.985) (drill 3.6576) (layers *.Cu *.Mask)
      (zone_connect 2))
    (model C:/Users/ray/OneDrive/Projects/kicad/3-3DModels/Screw-6-32-0p125.stp
      (offset (xyz 0 0 -3.25))
      (scale (xyz 1 1 1))
      (rotate (xyz 0 0 0))
    )
  )

  (module Inductor_SMD:L_Bourns_SRR1260 (layer F.Cu) (tedit 5A71B056) (tstamp 5ECE0D99)
    (at 99.9998 64.516)
    (descr "Bourns SRR1260 series SMD inductor http://www.bourns.com/docs/Product-Datasheets/SRR1260.pdf")
    (tags "Bourns SRR1260 SMD inductor")
    (path /5EF24B58)
    (attr smd)
    (fp_text reference L1 (at 0 -7.25) (layer F.SilkS)
      (effects (font (size 1 1) (thickness 0.15)))
    )
    (fp_text value 100uH (at 0 7.4) (layer F.Fab)
      (effects (font (size 1 1) (thickness 0.15)))
    )
    (fp_circle (center 0 0) (end 0 -5.6) (layer F.Fab) (width 0.1))
    (fp_line (start -5.75 -6.25) (end 5.75 -6.25) (layer F.Fab) (width 0.1))
    (fp_line (start -4 2) (end -4 -2) (layer F.Fab) (width 0.1))
    (fp_line (start -6.25 -5.75) (end -6.25 5.75) (layer F.Fab) (width 0.1))
    (fp_line (start 5.75 6.25) (end -5.75 6.25) (layer F.Fab) (width 0.1))
    (fp_line (start 6.25 -5.75) (end 6.25 5.75) (layer F.Fab) (width 0.1))
    (fp_line (start 4 -2) (end 4 2) (layer F.Fab) (width 0.1))
    (fp_line (start -5.75 -6.4) (end 5.75 -6.4) (layer F.SilkS) (width 0.12))
    (fp_line (start -6.4 -5.75) (end -6.4 -3) (layer F.SilkS) (width 0.12))
    (fp_line (start 5.75 6.4) (end -5.75 6.4) (layer F.SilkS) (width 0.12))
    (fp_line (start 6.4 -5.75) (end 6.4 -3) (layer F.SilkS) (width 0.12))
    (fp_line (start -5.75 -6.5) (end 5.75 -6.5) (layer F.CrtYd) (width 0.05))
    (fp_line (start -6.5 5.75) (end -6.5 -5.75) (layer F.CrtYd) (width 0.05))
    (fp_line (start 5.75 6.5) (end -5.75 6.5) (layer F.CrtYd) (width 0.05))
    (fp_line (start 6.5 -5.75) (end 6.5 5.75) (layer F.CrtYd) (width 0.05))
    (fp_text user %R (at 0 0) (layer F.Fab)
      (effects (font (size 1 1) (thickness 0.15)))
    )
    (fp_arc (start -5.75 -5.75) (end -5.75 -6.25) (angle -90) (layer F.Fab) (width 0.1))
    (fp_arc (start 5.75 -5.75) (end 6.25 -5.75) (angle -90) (layer F.Fab) (width 0.1))
    (fp_arc (start 5.75 5.75) (end 5.75 6.25) (angle -90) (layer F.Fab) (width 0.1))
    (fp_arc (start -5.75 5.75) (end -6.25 5.75) (angle -90) (layer F.Fab) (width 0.1))
    (fp_line (start -6.4 3) (end -6.4 5.75) (layer F.SilkS) (width 0.12))
    (fp_line (start 6.4 3) (end 6.4 5.75) (layer F.SilkS) (width 0.12))
    (fp_arc (start -5.75 -5.75) (end -5.75 -6.4) (angle -90) (layer F.SilkS) (width 0.12))
    (fp_arc (start -5.75 5.75) (end -6.4 5.75) (angle -90) (layer F.SilkS) (width 0.12))
    (fp_arc (start 5.75 5.75) (end 5.75 6.4) (angle -90) (layer F.SilkS) (width 0.12))
    (fp_arc (start 5.75 -5.75) (end 6.4 -5.75) (angle -90) (layer F.SilkS) (width 0.12))
    (fp_arc (start -5.75 -5.75) (end -5.75 -6.5) (angle -90) (layer F.CrtYd) (width 0.05))
    (fp_arc (start -5.75 5.75) (end -6.5 5.75) (angle -90) (layer F.CrtYd) (width 0.05))
    (fp_arc (start 5.75 5.75) (end 5.75 6.5) (angle -90) (layer F.CrtYd) (width 0.05))
    (fp_arc (start 5.75 -5.75) (end 6.5 -5.75) (angle -90) (layer F.CrtYd) (width 0.05))
    (pad 2 smd rect (at 4.85 0) (size 2.9 5.4) (layers F.Cu F.Paste F.Mask)
      (net 4 "Net-(C4-Pad1)"))
    (pad 1 smd rect (at -4.85 0) (size 2.9 5.4) (layers F.Cu F.Paste F.Mask)
      (net 12 "Net-(C3-Pad2)"))
    (model ${KISYS3DMOD}/Inductor_SMD.3dshapes/L_Bourns_SRR1260.wrl
      (at (xyz 0 0 0))
      (scale (xyz 1 1 1))
      (rotate (xyz 0 0 0))
    )
  )

  (module "Rays Footprints:Mount-Hole-#6" (layer F.Cu) (tedit 5ED88198) (tstamp 5EC972DA)
    (at 78.74 58.42)
    (path /5ECA813D)
    (fp_text reference MTH1 (at 0 0.5) (layer F.SilkS) hide
      (effects (font (size 1 1) (thickness 0.15)))
    )
    (fp_text value "Mount Hole" (at -2.159 -4.064) (layer F.Fab)
      (effects (font (size 1 1) (thickness 0.15)))
    )
    (fp_circle (center 0 0) (end 3.558267 0) (layer F.CrtYd) (width 0.127))
    (pad 1 thru_hole circle (at 0 0) (size 6.985 6.985) (drill 3.6576) (layers *.Cu *.Mask)
      (zone_connect 2))
    (model C:/Users/ray/OneDrive/Projects/kicad/3-3DModels/Screw-6-32-0p125.stp
      (offset (xyz 0 0 -3.25))
      (scale (xyz 1 1 1))
      (rotate (xyz 0 0 0))
    )
  )

  (module "Rays Footprints:Mount-Hole-#6" (layer F.Cu) (tedit 5EA46327) (tstamp 5EC972E0)
    (at 162.56 58.42)
    (path /5ECA813F)
    (fp_text reference MTH2 (at 0 0.5) (layer F.SilkS) hide
      (effects (font (size 1 1) (thickness 0.15)))
    )
    (fp_text value "Mount Hole" (at -2.159 -4.064) (layer F.Fab)
      (effects (font (size 1 1) (thickness 0.15)))
    )
    (fp_circle (center 0 0) (end 3.558267 0) (layer F.CrtYd) (width 0.127))
    (pad 1 thru_hole circle (at 0 0) (size 6.985 6.985) (drill 3.6576) (layers *.Cu *.Mask)
      (zone_connect 2))
    (model C:/Users/ray/OneDrive/Projects/kicad/3-3DModels/Screw-6-32-0p125.stp
      (offset (xyz 0 0 -3.25))
      (scale (xyz 1 1 1))
      (rotate (xyz 0 0 0))
    )
  )

  (module "Rays Footprints:Mount-Hole-#6" (layer F.Cu) (tedit 5EA46327) (tstamp 5ED854BA)
    (at 162.56 114.3)
    (path /5ECA8140)
    (fp_text reference MTH4 (at 0 0.5) (layer F.SilkS) hide
      (effects (font (size 1 1) (thickness 0.15)))
    )
    (fp_text value "Mount Hole" (at -2.159 -4.064) (layer F.Fab)
      (effects (font (size 1 1) (thickness 0.15)))
    )
    (fp_circle (center 0 0) (end 3.558267 0) (layer F.CrtYd) (width 0.127))
    (pad 1 thru_hole circle (at 0 0) (size 6.985 6.985) (drill 3.6576) (layers *.Cu *.Mask)
      (zone_connect 2))
    (model C:/Users/ray/OneDrive/Projects/kicad/3-3DModels/Screw-6-32-0p125.stp
      (offset (xyz 0 0 -3.25))
      (scale (xyz 1 1 1))
      (rotate (xyz 0 0 0))
    )
  )

  (module "Rays Footprints:C_0805_HandSoldering" (layer F.Cu) (tedit 5E992383) (tstamp 5ECE536E)
    (at 111.7092 87.3252 90)
    (descr "Capacitor SMD 0805 (2012 Metric), square (rectangular) end terminal, IPC_7351 nominal with elongated pad for handsoldering. (Body size source: https://docs.google.com/spreadsheets/d/1BsfQQcO9C6DZCsRaXUlFlo91Tg2WpOkGARC1WS5S8t0/edit?usp=sharing), generated with kicad-footprint-generator")
    (tags "capacitor handsolder")
    (path /5EDF1FCB)
    (attr smd)
    (fp_text reference C18 (at 0 -1.65 90) (layer F.SilkS)
      (effects (font (size 1 1) (thickness 0.15)))
    )
    (fp_text value 1u/15V (at 0 1.65 90) (layer F.Fab)
      (effects (font (size 1 1) (thickness 0.15)))
    )
    (fp_line (start -1 0.6) (end -1 -0.6) (layer F.Fab) (width 0.1))
    (fp_line (start -1 -0.6) (end 1 -0.6) (layer F.Fab) (width 0.1))
    (fp_line (start 1 -0.6) (end 1 0.6) (layer F.Fab) (width 0.1))
    (fp_line (start 1 0.6) (end -1 0.6) (layer F.Fab) (width 0.1))
    (fp_line (start -0.261252 -0.71) (end 0.261252 -0.71) (layer F.SilkS) (width 0.12))
    (fp_line (start -0.261252 0.71) (end 0.261252 0.71) (layer F.SilkS) (width 0.12))
    (fp_line (start -1.85 0.95) (end -1.85 -0.95) (layer F.CrtYd) (width 0.05))
    (fp_line (start -1.85 -0.95) (end 1.85 -0.95) (layer F.CrtYd) (width 0.05))
    (fp_line (start 1.85 -0.95) (end 1.85 0.95) (layer F.CrtYd) (width 0.05))
    (fp_line (start 1.85 0.95) (end -1.85 0.95) (layer F.CrtYd) (width 0.05))
    (fp_text user %R (at 0 0 90) (layer F.Fab)
      (effects (font (size 0.5 0.5) (thickness 0.08)))
    )
    (pad 1 smd roundrect (at -1.025 0 90) (size 1.15 1.4) (layers F.Cu F.Paste F.Mask) (roundrect_rratio 0.217)
      (net 18 "Net-(C18-Pad1)"))
    (pad 2 smd roundrect (at 1.025 0 90) (size 1.15 1.4) (layers F.Cu F.Paste F.Mask) (roundrect_rratio 0.217)
      (net 19 "Net-(C18-Pad2)"))
    (model ${KICAD_USER_LIB_DIR}/3-3DModels/C_0805.step
      (at (xyz 0 0 0))
      (scale (xyz 1 1 1))
      (rotate (xyz 0 0 0))
    )
  )

  (module "Rays Footprints:C_0805_HandSoldering" (layer F.Cu) (tedit 5E992383) (tstamp 5ECE0F5D)
    (at 117.094 82.931)
    (descr "Capacitor SMD 0805 (2012 Metric), square (rectangular) end terminal, IPC_7351 nominal with elongated pad for handsoldering. (Body size source: https://docs.google.com/spreadsheets/d/1BsfQQcO9C6DZCsRaXUlFlo91Tg2WpOkGARC1WS5S8t0/edit?usp=sharing), generated with kicad-footprint-generator")
    (tags "capacitor handsolder")
    (path /5EDF6A9F)
    (attr smd)
    (fp_text reference C19 (at 1.778 -1.651) (layer F.SilkS)
      (effects (font (size 1 1) (thickness 0.15)))
    )
    (fp_text value 1u/15V (at 0 1.65) (layer F.Fab)
      (effects (font (size 1 1) (thickness 0.15)))
    )
    (fp_text user %R (at 0 0) (layer F.Fab)
      (effects (font (size 0.5 0.5) (thickness 0.08)))
    )
    (fp_line (start 1.85 0.95) (end -1.85 0.95) (layer F.CrtYd) (width 0.05))
    (fp_line (start 1.85 -0.95) (end 1.85 0.95) (layer F.CrtYd) (width 0.05))
    (fp_line (start -1.85 -0.95) (end 1.85 -0.95) (layer F.CrtYd) (width 0.05))
    (fp_line (start -1.85 0.95) (end -1.85 -0.95) (layer F.CrtYd) (width 0.05))
    (fp_line (start -0.261252 0.71) (end 0.261252 0.71) (layer F.SilkS) (width 0.12))
    (fp_line (start -0.261252 -0.71) (end 0.261252 -0.71) (layer F.SilkS) (width 0.12))
    (fp_line (start 1 0.6) (end -1 0.6) (layer F.Fab) (width 0.1))
    (fp_line (start 1 -0.6) (end 1 0.6) (layer F.Fab) (width 0.1))
    (fp_line (start -1 -0.6) (end 1 -0.6) (layer F.Fab) (width 0.1))
    (fp_line (start -1 0.6) (end -1 -0.6) (layer F.Fab) (width 0.1))
    (pad 2 smd roundrect (at 1.025 0) (size 1.15 1.4) (layers F.Cu F.Paste F.Mask) (roundrect_rratio 0.217)
      (net 1 GND))
    (pad 1 smd roundrect (at -1.025 0) (size 1.15 1.4) (layers F.Cu F.Paste F.Mask) (roundrect_rratio 0.217)
      (net 3 -5V))
    (model ${KICAD_USER_LIB_DIR}/3-3DModels/C_0805.step
      (at (xyz 0 0 0))
      (scale (xyz 1 1 1))
      (rotate (xyz 0 0 0))
    )
  )

  (module "Rays Footprints:R_2512_HandSoldering" (layer F.Cu) (tedit 5EA4820A) (tstamp 5ECE0FDD)
    (at 115.2112 76.4286 180)
    (path /5ECFDE7F)
    (fp_text reference R5 (at 0.0222 2.7686 180) (layer F.SilkS)
      (effects (font (size 1 1) (thickness 0.15)))
    )
    (fp_text value 0.1 (at 0.0254 3.1496 180) (layer F.Fab)
      (effects (font (size 1 1) (thickness 0.15)))
    )
    (fp_line (start -4.55 2.1082) (end -4.55 -2.1082) (layer F.CrtYd) (width 0.12))
    (fp_line (start 4.5 2.1082) (end -4.55 2.1082) (layer F.CrtYd) (width 0.12))
    (fp_line (start 4.5 -2.1082) (end 4.5 2.1082) (layer F.CrtYd) (width 0.12))
    (fp_line (start -4.55 -2.1082) (end 4.5 -2.1082) (layer F.CrtYd) (width 0.12))
    (fp_line (start -3.2512 1.651) (end -3.2512 -1.651) (layer F.Fab) (width 0.12))
    (fp_line (start 3.2512 1.651) (end -3.2512 1.651) (layer F.Fab) (width 0.12))
    (fp_line (start 3.2512 -1.651) (end 3.2512 1.651) (layer F.Fab) (width 0.12))
    (fp_line (start -3.2512 -1.651) (end 3.2512 -1.651) (layer F.Fab) (width 0.12))
    (fp_line (start -1.85 2.032) (end 1.85 2.032) (layer F.SilkS) (width 0.127))
    (fp_line (start -1.85 -2.032) (end 1.85 -2.032) (layer F.SilkS) (width 0.127))
    (pad 2 smd rect (at 3.375 0 180) (size 2 3.5) (layers F.Cu F.Paste F.Mask)
      (net 16 "Net-(C7-Pad2)"))
    (pad 1 smd rect (at -3.375 0 180) (size 2 3.5) (layers F.Cu F.Paste F.Mask)
      (net 21 "Net-(R5-Pad1)"))
    (model ${KICAD_USER_LIB_DIR}/3-3DModels/R_2512.step
      (at (xyz 0 0 0))
      (scale (xyz 1 1 1))
      (rotate (xyz 0 0 0))
    )
  )

  (module Package_TO_SOT_SMD:TSOT-23-6_HandSoldering (layer F.Cu) (tedit 5A02FF57) (tstamp 5ECE53A3)
    (at 114.649199 87.330601 270)
    (descr "6-pin TSOT23 package, http://cds.linear.com/docs/en/packaging/SOT_6_05-08-1636.pdf")
    (tags "TSOT-23-6 MK06A TSOT-6 Hand-soldering")
    (path /5EDEAA46)
    (attr smd)
    (fp_text reference U3 (at 0 -2.45 90) (layer F.SilkS)
      (effects (font (size 1 1) (thickness 0.15)))
    )
    (fp_text value MAX1719EUT (at 0 2.5 90) (layer F.Fab)
      (effects (font (size 1 1) (thickness 0.15)))
    )
    (fp_text user %R (at 0 0) (layer F.Fab)
      (effects (font (size 0.5 0.5) (thickness 0.075)))
    )
    (fp_line (start -0.88 1.56) (end 0.88 1.56) (layer F.SilkS) (width 0.12))
    (fp_line (start 0.88 -1.51) (end -1.55 -1.51) (layer F.SilkS) (width 0.12))
    (fp_line (start -0.88 -1) (end -0.43 -1.45) (layer F.Fab) (width 0.1))
    (fp_line (start 0.88 -1.45) (end -0.43 -1.45) (layer F.Fab) (width 0.1))
    (fp_line (start -0.88 -1) (end -0.88 1.45) (layer F.Fab) (width 0.1))
    (fp_line (start 0.88 1.45) (end -0.88 1.45) (layer F.Fab) (width 0.1))
    (fp_line (start 0.88 -1.45) (end 0.88 1.45) (layer F.Fab) (width 0.1))
    (fp_line (start -2.96 -1.7) (end 2.96 -1.7) (layer F.CrtYd) (width 0.05))
    (fp_line (start -2.96 -1.7) (end -2.96 1.7) (layer F.CrtYd) (width 0.05))
    (fp_line (start 2.96 1.7) (end 2.96 -1.7) (layer F.CrtYd) (width 0.05))
    (fp_line (start 2.96 1.7) (end -2.96 1.7) (layer F.CrtYd) (width 0.05))
    (pad 1 smd rect (at -1.71 -0.95 270) (size 2 0.65) (layers F.Cu F.Paste F.Mask)
      (net 3 -5V))
    (pad 2 smd rect (at -1.71 0 270) (size 2 0.65) (layers F.Cu F.Paste F.Mask)
      (net 17 "Net-(C17-Pad1)"))
    (pad 3 smd rect (at -1.71 0.95 270) (size 2 0.65) (layers F.Cu F.Paste F.Mask)
      (net 19 "Net-(C18-Pad2)"))
    (pad 4 smd rect (at 1.71 0.95 270) (size 2 0.65) (layers F.Cu F.Paste F.Mask)
      (net 1 GND))
    (pad 5 smd rect (at 1.71 0 270) (size 2 0.65) (layers F.Cu F.Paste F.Mask)
      (net 1 GND))
    (pad 6 smd rect (at 1.71 -0.95 270) (size 2 0.65) (layers F.Cu F.Paste F.Mask)
      (net 18 "Net-(C18-Pad1)"))
    (model ${KISYS3DMOD}/Package_TO_SOT_SMD.3dshapes/TSOT-23-6.wrl
      (at (xyz 0 0 0))
      (scale (xyz 1 1 1))
      (rotate (xyz 0 0 0))
    )
  )

  (module "Rays Footprints:C_0603_HandSoldering" (layer F.Cu) (tedit 5E952776) (tstamp 5ECE0D26)
    (at 95.8596 73.801 90)
    (descr "Capacitor SMD 0603 (1608 Metric), square (rectangular) end terminal, IPC_7351 nominal with elongated pad for handsoldering. (Body size source: http://www.tortai-tech.com/upload/download/2011102023233369053.pdf), generated with kicad-footprint-generator")
    (tags "capacitor handsolder")
    (path /5EF3548B)
    (attr smd)
    (fp_text reference C3 (at -0.0254 -1.3716 90) (layer F.SilkS)
      (effects (font (size 1 1) (thickness 0.15)))
    )
    (fp_text value 0.1u (at 0 1.43 90) (layer F.Fab)
      (effects (font (size 1 1) (thickness 0.15)))
    )
    (fp_text user %R (at 0 0 90) (layer F.Fab)
      (effects (font (size 0.4 0.4) (thickness 0.06)))
    )
    (fp_line (start 1.65 0.73) (end -1.65 0.73) (layer F.CrtYd) (width 0.05))
    (fp_line (start 1.65 -0.73) (end 1.65 0.73) (layer F.CrtYd) (width 0.05))
    (fp_line (start -1.65 -0.73) (end 1.65 -0.73) (layer F.CrtYd) (width 0.05))
    (fp_line (start -1.65 0.73) (end -1.65 -0.73) (layer F.CrtYd) (width 0.05))
    (fp_line (start -0.171267 0.51) (end 0.171267 0.51) (layer F.SilkS) (width 0.12))
    (fp_line (start -0.171267 -0.51) (end 0.171267 -0.51) (layer F.SilkS) (width 0.12))
    (fp_line (start 0.8 0.4) (end -0.8 0.4) (layer F.Fab) (width 0.1))
    (fp_line (start 0.8 -0.4) (end 0.8 0.4) (layer F.Fab) (width 0.1))
    (fp_line (start -0.8 -0.4) (end 0.8 -0.4) (layer F.Fab) (width 0.1))
    (fp_line (start -0.8 0.4) (end -0.8 -0.4) (layer F.Fab) (width 0.1))
    (pad 2 smd roundrect (at 0.875 0 90) (size 1.05 0.95) (layers F.Cu F.Paste F.Mask) (roundrect_rratio 0.25)
      (net 12 "Net-(C3-Pad2)"))
    (pad 1 smd roundrect (at -0.875 0 90) (size 1.05 0.95) (layers F.Cu F.Paste F.Mask) (roundrect_rratio 0.25)
      (net 13 "Net-(C3-Pad1)"))
    (model ${KICAD_USER_LIB_DIR}/3-3DModels/C_0603.step
      (at (xyz 0 0 0))
      (scale (xyz 1 1 1))
      (rotate (xyz 0 0 0))
    )
  )

  (module "Rays Footprints:C_0603_HandSoldering" (layer F.Cu) (tedit 5E952776) (tstamp 5ECE0E1F)
    (at 103.251 73.801 270)
    (descr "Capacitor SMD 0603 (1608 Metric), square (rectangular) end terminal, IPC_7351 nominal with elongated pad for handsoldering. (Body size source: http://www.tortai-tech.com/upload/download/2011102023233369053.pdf), generated with kicad-footprint-generator")
    (tags "capacitor handsolder")
    (path /5EF36340)
    (attr smd)
    (fp_text reference C4 (at 0.0114 -1.3716 90) (layer F.SilkS)
      (effects (font (size 1 1) (thickness 0.15)))
    )
    (fp_text value 0.1u (at 0 1.43 90) (layer F.Fab)
      (effects (font (size 1 1) (thickness 0.15)))
    )
    (fp_line (start -0.8 0.4) (end -0.8 -0.4) (layer F.Fab) (width 0.1))
    (fp_line (start -0.8 -0.4) (end 0.8 -0.4) (layer F.Fab) (width 0.1))
    (fp_line (start 0.8 -0.4) (end 0.8 0.4) (layer F.Fab) (width 0.1))
    (fp_line (start 0.8 0.4) (end -0.8 0.4) (layer F.Fab) (width 0.1))
    (fp_line (start -0.171267 -0.51) (end 0.171267 -0.51) (layer F.SilkS) (width 0.12))
    (fp_line (start -0.171267 0.51) (end 0.171267 0.51) (layer F.SilkS) (width 0.12))
    (fp_line (start -1.65 0.73) (end -1.65 -0.73) (layer F.CrtYd) (width 0.05))
    (fp_line (start -1.65 -0.73) (end 1.65 -0.73) (layer F.CrtYd) (width 0.05))
    (fp_line (start 1.65 -0.73) (end 1.65 0.73) (layer F.CrtYd) (width 0.05))
    (fp_line (start 1.65 0.73) (end -1.65 0.73) (layer F.CrtYd) (width 0.05))
    (fp_text user %R (at 0 0 90) (layer F.Fab)
      (effects (font (size 0.4 0.4) (thickness 0.06)))
    )
    (pad 1 smd roundrect (at -0.875 0 270) (size 1.05 0.95) (layers F.Cu F.Paste F.Mask) (roundrect_rratio 0.25)
      (net 4 "Net-(C4-Pad1)"))
    (pad 2 smd roundrect (at 0.875 0 270) (size 1.05 0.95) (layers F.Cu F.Paste F.Mask) (roundrect_rratio 0.25)
      (net 5 "Net-(C4-Pad2)"))
    (model ${KICAD_USER_LIB_DIR}/3-3DModels/C_0603.step
      (at (xyz 0 0 0))
      (scale (xyz 1 1 1))
      (rotate (xyz 0 0 0))
    )
  )

  (module "Rays Footprints:C_0603_HandSoldering" (layer F.Cu) (tedit 5E952776) (tstamp 5ECE0CF6)
    (at 95.885 77.47 90)
    (descr "Capacitor SMD 0603 (1608 Metric), square (rectangular) end terminal, IPC_7351 nominal with elongated pad for handsoldering. (Body size source: http://www.tortai-tech.com/upload/download/2011102023233369053.pdf), generated with kicad-footprint-generator")
    (tags "capacitor handsolder")
    (path /5EF52663)
    (attr smd)
    (fp_text reference C2 (at 0 -1.397 90) (layer F.SilkS)
      (effects (font (size 1 1) (thickness 0.15)))
    )
    (fp_text value 0.1u (at 0 1.43 90) (layer F.Fab)
      (effects (font (size 1 1) (thickness 0.15)))
    )
    (fp_text user %R (at 0 0 90) (layer F.Fab)
      (effects (font (size 0.4 0.4) (thickness 0.06)))
    )
    (fp_line (start 1.65 0.73) (end -1.65 0.73) (layer F.CrtYd) (width 0.05))
    (fp_line (start 1.65 -0.73) (end 1.65 0.73) (layer F.CrtYd) (width 0.05))
    (fp_line (start -1.65 -0.73) (end 1.65 -0.73) (layer F.CrtYd) (width 0.05))
    (fp_line (start -1.65 0.73) (end -1.65 -0.73) (layer F.CrtYd) (width 0.05))
    (fp_line (start -0.171267 0.51) (end 0.171267 0.51) (layer F.SilkS) (width 0.12))
    (fp_line (start -0.171267 -0.51) (end 0.171267 -0.51) (layer F.SilkS) (width 0.12))
    (fp_line (start 0.8 0.4) (end -0.8 0.4) (layer F.Fab) (width 0.1))
    (fp_line (start 0.8 -0.4) (end 0.8 0.4) (layer F.Fab) (width 0.1))
    (fp_line (start -0.8 -0.4) (end 0.8 -0.4) (layer F.Fab) (width 0.1))
    (fp_line (start -0.8 0.4) (end -0.8 -0.4) (layer F.Fab) (width 0.1))
    (pad 2 smd roundrect (at 0.875 0 90) (size 1.05 0.95) (layers F.Cu F.Paste F.Mask) (roundrect_rratio 0.25)
      (net 24 VCC_BB))
    (pad 1 smd roundrect (at -0.875 0 90) (size 1.05 0.95) (layers F.Cu F.Paste F.Mask) (roundrect_rratio 0.25)
      (net 1 GND))
    (model ${KICAD_USER_LIB_DIR}/3-3DModels/C_0603.step
      (at (xyz 0 0 0))
      (scale (xyz 1 1 1))
      (rotate (xyz 0 0 0))
    )
  )

  (module "Rays Footprints:C_0603_HandSoldering" (layer F.Cu) (tedit 5E952776) (tstamp 5ECE0EBE)
    (at 103.251 77.3036 90)
    (descr "Capacitor SMD 0603 (1608 Metric), square (rectangular) end terminal, IPC_7351 nominal with elongated pad for handsoldering. (Body size source: http://www.tortai-tech.com/upload/download/2011102023233369053.pdf), generated with kicad-footprint-generator")
    (tags "capacitor handsolder")
    (path /5F05075F)
    (attr smd)
    (fp_text reference C7 (at 0.0114 1.3462 270) (layer F.SilkS)
      (effects (font (size 1 1) (thickness 0.15)))
    )
    (fp_text value 0.1u (at 0 1.43 90) (layer F.Fab)
      (effects (font (size 1 1) (thickness 0.15)))
    )
    (fp_line (start -0.8 0.4) (end -0.8 -0.4) (layer F.Fab) (width 0.1))
    (fp_line (start -0.8 -0.4) (end 0.8 -0.4) (layer F.Fab) (width 0.1))
    (fp_line (start 0.8 -0.4) (end 0.8 0.4) (layer F.Fab) (width 0.1))
    (fp_line (start 0.8 0.4) (end -0.8 0.4) (layer F.Fab) (width 0.1))
    (fp_line (start -0.171267 -0.51) (end 0.171267 -0.51) (layer F.SilkS) (width 0.12))
    (fp_line (start -0.171267 0.51) (end 0.171267 0.51) (layer F.SilkS) (width 0.12))
    (fp_line (start -1.65 0.73) (end -1.65 -0.73) (layer F.CrtYd) (width 0.05))
    (fp_line (start -1.65 -0.73) (end 1.65 -0.73) (layer F.CrtYd) (width 0.05))
    (fp_line (start 1.65 -0.73) (end 1.65 0.73) (layer F.CrtYd) (width 0.05))
    (fp_line (start 1.65 0.73) (end -1.65 0.73) (layer F.CrtYd) (width 0.05))
    (fp_text user %R (at 0 0 90) (layer F.Fab)
      (effects (font (size 0.4 0.4) (thickness 0.06)))
    )
    (pad 1 smd roundrect (at -0.875 0 90) (size 1.05 0.95) (layers F.Cu F.Paste F.Mask) (roundrect_rratio 0.25)
      (net 1 GND))
    (pad 2 smd roundrect (at 0.875 0 90) (size 1.05 0.95) (layers F.Cu F.Paste F.Mask) (roundrect_rratio 0.25)
      (net 16 "Net-(C7-Pad2)"))
    (model ${KICAD_USER_LIB_DIR}/3-3DModels/C_0603.step
      (at (xyz 0 0 0))
      (scale (xyz 1 1 1))
      (rotate (xyz 0 0 0))
    )
  )

  (module "Rays Footprints:C_0603_HandSoldering" (layer F.Cu) (tedit 5E952776) (tstamp 5ECE0E4F)
    (at 103.1494 80.5942 180)
    (descr "Capacitor SMD 0603 (1608 Metric), square (rectangular) end terminal, IPC_7351 nominal with elongated pad for handsoldering. (Body size source: http://www.tortai-tech.com/upload/download/2011102023233369053.pdf), generated with kicad-footprint-generator")
    (tags "capacitor handsolder")
    (path /5EF72D37)
    (attr smd)
    (fp_text reference C5 (at 0.0254 1.1176 180) (layer F.SilkS)
      (effects (font (size 0.762 0.762) (thickness 0.127)))
    )
    (fp_text value 0.1u (at 0 1.43) (layer F.Fab)
      (effects (font (size 1 1) (thickness 0.15)))
    )
    (fp_line (start -0.8 0.4) (end -0.8 -0.4) (layer F.Fab) (width 0.1))
    (fp_line (start -0.8 -0.4) (end 0.8 -0.4) (layer F.Fab) (width 0.1))
    (fp_line (start 0.8 -0.4) (end 0.8 0.4) (layer F.Fab) (width 0.1))
    (fp_line (start 0.8 0.4) (end -0.8 0.4) (layer F.Fab) (width 0.1))
    (fp_line (start -0.171267 -0.51) (end 0.171267 -0.51) (layer F.SilkS) (width 0.12))
    (fp_line (start -0.171267 0.51) (end 0.171267 0.51) (layer F.SilkS) (width 0.12))
    (fp_line (start -1.65 0.73) (end -1.65 -0.73) (layer F.CrtYd) (width 0.05))
    (fp_line (start -1.65 -0.73) (end 1.65 -0.73) (layer F.CrtYd) (width 0.05))
    (fp_line (start 1.65 -0.73) (end 1.65 0.73) (layer F.CrtYd) (width 0.05))
    (fp_line (start 1.65 0.73) (end -1.65 0.73) (layer F.CrtYd) (width 0.05))
    (fp_text user %R (at 0 0) (layer F.Fab)
      (effects (font (size 0.4 0.4) (thickness 0.06)))
    )
    (pad 1 smd roundrect (at -0.875 0 180) (size 1.05 0.95) (layers F.Cu F.Paste F.Mask) (roundrect_rratio 0.25)
      (net 1 GND))
    (pad 2 smd roundrect (at 0.875 0 180) (size 1.05 0.95) (layers F.Cu F.Paste F.Mask) (roundrect_rratio 0.25)
      (net 14 "Net-(C5-Pad2)"))
    (model ${KICAD_USER_LIB_DIR}/3-3DModels/C_0603.step
      (at (xyz 0 0 0))
      (scale (xyz 1 1 1))
      (rotate (xyz 0 0 0))
    )
  )

  (module "Rays Footprints:C_0603_HandSoldering" (layer F.Cu) (tedit 5E952776) (tstamp 5ECE0C66)
    (at 98.298 82.931 90)
    (descr "Capacitor SMD 0603 (1608 Metric), square (rectangular) end terminal, IPC_7351 nominal with elongated pad for handsoldering. (Body size source: http://www.tortai-tech.com/upload/download/2011102023233369053.pdf), generated with kicad-footprint-generator")
    (tags "capacitor handsolder")
    (path /5F0206D7)
    (attr smd)
    (fp_text reference C6 (at -3.429 0 270) (layer F.SilkS)
      (effects (font (size 1 1) (thickness 0.15)))
    )
    (fp_text value 22nF (at 0 1.43 90) (layer F.Fab)
      (effects (font (size 1 1) (thickness 0.15)))
    )
    (fp_text user %R (at 0 0 90) (layer F.Fab)
      (effects (font (size 0.4 0.4) (thickness 0.06)))
    )
    (fp_line (start 1.65 0.73) (end -1.65 0.73) (layer F.CrtYd) (width 0.05))
    (fp_line (start 1.65 -0.73) (end 1.65 0.73) (layer F.CrtYd) (width 0.05))
    (fp_line (start -1.65 -0.73) (end 1.65 -0.73) (layer F.CrtYd) (width 0.05))
    (fp_line (start -1.65 0.73) (end -1.65 -0.73) (layer F.CrtYd) (width 0.05))
    (fp_line (start -0.171267 0.51) (end 0.171267 0.51) (layer F.SilkS) (width 0.12))
    (fp_line (start -0.171267 -0.51) (end 0.171267 -0.51) (layer F.SilkS) (width 0.12))
    (fp_line (start 0.8 0.4) (end -0.8 0.4) (layer F.Fab) (width 0.1))
    (fp_line (start 0.8 -0.4) (end 0.8 0.4) (layer F.Fab) (width 0.1))
    (fp_line (start -0.8 -0.4) (end 0.8 -0.4) (layer F.Fab) (width 0.1))
    (fp_line (start -0.8 0.4) (end -0.8 -0.4) (layer F.Fab) (width 0.1))
    (pad 2 smd roundrect (at 0.875 0 90) (size 1.05 0.95) (layers F.Cu F.Paste F.Mask) (roundrect_rratio 0.25)
      (net 15 "Net-(C6-Pad2)"))
    (pad 1 smd roundrect (at -0.875 0 90) (size 1.05 0.95) (layers F.Cu F.Paste F.Mask) (roundrect_rratio 0.25)
      (net 1 GND))
    (model ${KICAD_USER_LIB_DIR}/3-3DModels/C_0603.step
      (at (xyz 0 0 0))
      (scale (xyz 1 1 1))
      (rotate (xyz 0 0 0))
    )
  )

  (module "Rays Footprints:R_0805_HandSoldering" (layer F.Cu) (tedit 5EA461E6) (tstamp 5ECE0DEF)
    (at 103.8606 82.423 180)
    (descr "Resistor SMD 0805, hand soldering")
    (tags "resistor 0805")
    (path /5F00541A)
    (attr smd)
    (fp_text reference R3 (at -3.302 -0.0254) (layer F.SilkS)
      (effects (font (size 1 1) (thickness 0.15)))
    )
    (fp_text value DNP (at 0 1.75) (layer F.Fab)
      (effects (font (size 1 1) (thickness 0.15)))
    )
    (fp_line (start 2.35 0.9) (end -2.35 0.9) (layer F.CrtYd) (width 0.05))
    (fp_line (start 2.35 0.9) (end 2.35 -0.9) (layer F.CrtYd) (width 0.05))
    (fp_line (start -2.35 -0.9) (end -2.35 0.9) (layer F.CrtYd) (width 0.05))
    (fp_line (start -2.35 -0.9) (end 2.35 -0.9) (layer F.CrtYd) (width 0.05))
    (fp_line (start -0.6 -0.88) (end 0.6 -0.88) (layer F.SilkS) (width 0.12))
    (fp_line (start 0.6 0.88) (end -0.6 0.88) (layer F.SilkS) (width 0.12))
    (fp_line (start -1 -0.62) (end 1 -0.62) (layer F.Fab) (width 0.1))
    (fp_line (start 1 -0.62) (end 1 0.62) (layer F.Fab) (width 0.1))
    (fp_line (start 1 0.62) (end -1 0.62) (layer F.Fab) (width 0.1))
    (fp_line (start -1 0.62) (end -1 -0.62) (layer F.Fab) (width 0.1))
    (fp_text user %R (at 0 0) (layer F.Fab)
      (effects (font (size 0.5 0.5) (thickness 0.075)))
    )
    (pad 2 smd rect (at 1.15 0 180) (size 1.3 1.3) (layers F.Cu F.Paste F.Mask)
      (net 11 BB_ALERT))
    (pad 1 smd rect (at -1.15 0 180) (size 1.3 1.3) (layers F.Cu F.Paste F.Mask)
      (net 6 +5V))
    (model ${KICAD_USER_LIB_DIR}/3-3DModels/R_0805.step
      (at (xyz 0 0 0))
      (scale (xyz 1 1 1))
      (rotate (xyz 0 0 0))
    )
  )

  (module "Rays Footprints:R_0805_HandSoldering" (layer F.Cu) (tedit 5EA461E6) (tstamp 5ECE0D56)
    (at 92.0242 83.5152 180)
    (descr "Resistor SMD 0805, hand soldering")
    (tags "resistor 0805")
    (path /5EFA6796)
    (attr smd)
    (fp_text reference R1 (at 3.8862 0) (layer F.SilkS)
      (effects (font (size 1 1) (thickness 0.15)))
    )
    (fp_text value DNP (at 0 1.75) (layer F.Fab)
      (effects (font (size 1 1) (thickness 0.15)))
    )
    (fp_line (start 2.35 0.9) (end -2.35 0.9) (layer F.CrtYd) (width 0.05))
    (fp_line (start 2.35 0.9) (end 2.35 -0.9) (layer F.CrtYd) (width 0.05))
    (fp_line (start -2.35 -0.9) (end -2.35 0.9) (layer F.CrtYd) (width 0.05))
    (fp_line (start -2.35 -0.9) (end 2.35 -0.9) (layer F.CrtYd) (width 0.05))
    (fp_line (start -0.6 -0.88) (end 0.6 -0.88) (layer F.SilkS) (width 0.12))
    (fp_line (start 0.6 0.88) (end -0.6 0.88) (layer F.SilkS) (width 0.12))
    (fp_line (start -1 -0.62) (end 1 -0.62) (layer F.Fab) (width 0.1))
    (fp_line (start 1 -0.62) (end 1 0.62) (layer F.Fab) (width 0.1))
    (fp_line (start 1 0.62) (end -1 0.62) (layer F.Fab) (width 0.1))
    (fp_line (start -1 0.62) (end -1 -0.62) (layer F.Fab) (width 0.1))
    (fp_text user %R (at 0 0) (layer F.Fab)
      (effects (font (size 0.5 0.5) (thickness 0.075)))
    )
    (pad 2 smd rect (at 1.15 0 180) (size 1.3 1.3) (layers F.Cu F.Paste F.Mask)
      (net 14 "Net-(C5-Pad2)"))
    (pad 1 smd rect (at -1.15 0 180) (size 1.3 1.3) (layers F.Cu F.Paste F.Mask)
      (net 7 BB_EN))
    (model ${KICAD_USER_LIB_DIR}/3-3DModels/R_0805.step
      (at (xyz 0 0 0))
      (scale (xyz 1 1 1))
      (rotate (xyz 0 0 0))
    )
  )

  (module "Rays Footprints:R_0805_HandSoldering" (layer F.Cu) (tedit 5EA461E6) (tstamp 5ECE0CC6)
    (at 92.0242 85.4456 180)
    (descr "Resistor SMD 0805, hand soldering")
    (tags "resistor 0805")
    (path /5EF8844A)
    (attr smd)
    (fp_text reference R2 (at 3.8862 0) (layer F.SilkS)
      (effects (font (size 1 1) (thickness 0.15)))
    )
    (fp_text value DNP (at 0 1.75) (layer F.Fab)
      (effects (font (size 1 1) (thickness 0.15)))
    )
    (fp_text user %R (at 0 0) (layer F.Fab)
      (effects (font (size 0.5 0.5) (thickness 0.075)))
    )
    (fp_line (start -1 0.62) (end -1 -0.62) (layer F.Fab) (width 0.1))
    (fp_line (start 1 0.62) (end -1 0.62) (layer F.Fab) (width 0.1))
    (fp_line (start 1 -0.62) (end 1 0.62) (layer F.Fab) (width 0.1))
    (fp_line (start -1 -0.62) (end 1 -0.62) (layer F.Fab) (width 0.1))
    (fp_line (start 0.6 0.88) (end -0.6 0.88) (layer F.SilkS) (width 0.12))
    (fp_line (start -0.6 -0.88) (end 0.6 -0.88) (layer F.SilkS) (width 0.12))
    (fp_line (start -2.35 -0.9) (end 2.35 -0.9) (layer F.CrtYd) (width 0.05))
    (fp_line (start -2.35 -0.9) (end -2.35 0.9) (layer F.CrtYd) (width 0.05))
    (fp_line (start 2.35 0.9) (end 2.35 -0.9) (layer F.CrtYd) (width 0.05))
    (fp_line (start 2.35 0.9) (end -2.35 0.9) (layer F.CrtYd) (width 0.05))
    (pad 1 smd rect (at -1.15 0 180) (size 1.3 1.3) (layers F.Cu F.Paste F.Mask)
      (net 20 "Net-(R2-Pad1)"))
    (pad 2 smd rect (at 1.15 0 180) (size 1.3 1.3) (layers F.Cu F.Paste F.Mask)
      (net 14 "Net-(C5-Pad2)"))
    (model ${KICAD_USER_LIB_DIR}/3-3DModels/R_0805.step
      (at (xyz 0 0 0))
      (scale (xyz 1 1 1))
      (rotate (xyz 0 0 0))
    )
  )

  (module "Rays Footprints:R_0805_HandSoldering" (layer F.Cu) (tedit 5EA461E6) (tstamp 5ECE0C96)
    (at 100.1268 83.0072 90)
    (descr "Resistor SMD 0805, hand soldering")
    (tags "resistor 0805")
    (path /5F01FF4B)
    (attr smd)
    (fp_text reference R4 (at -3.3528 0.0762 90) (layer F.SilkS)
      (effects (font (size 1 1) (thickness 0.15)))
    )
    (fp_text value 21.5k (at 0 1.75 90) (layer F.Fab)
      (effects (font (size 1 1) (thickness 0.15)))
    )
    (fp_text user %R (at 0 0 90) (layer F.Fab)
      (effects (font (size 0.5 0.5) (thickness 0.075)))
    )
    (fp_line (start -1 0.62) (end -1 -0.62) (layer F.Fab) (width 0.1))
    (fp_line (start 1 0.62) (end -1 0.62) (layer F.Fab) (width 0.1))
    (fp_line (start 1 -0.62) (end 1 0.62) (layer F.Fab) (width 0.1))
    (fp_line (start -1 -0.62) (end 1 -0.62) (layer F.Fab) (width 0.1))
    (fp_line (start 0.6 0.88) (end -0.6 0.88) (layer F.SilkS) (width 0.12))
    (fp_line (start -0.6 -0.88) (end 0.6 -0.88) (layer F.SilkS) (width 0.12))
    (fp_line (start -2.35 -0.9) (end 2.35 -0.9) (layer F.CrtYd) (width 0.05))
