(kicad_pcb (version 20171130) (host pcbnew "(5.1.5)-3")

  (general
    (thickness 1.6)
    (drawings 23)
    (tracks 272)
    (zones 0)
    (modules 38)
    (nets 29)
  )

  (page A4)
  (layers
    (0 F.Cu signal)
    (31 B.Cu signal)
    (32 B.Adhes user hide)
    (33 F.Adhes user hide)
    (34 B.Paste user hide)
    (35 F.Paste user hide)
    (36 B.SilkS user hide)
    (37 F.SilkS user)
    (38 B.Mask user hide)
    (39 F.Mask user hide)
    (40 Dwgs.User user hide)
    (41 Cmts.User user hide)
    (42 Eco1.User user hide)
    (43 Eco2.User user hide)
    (44 Edge.Cuts user)
    (45 Margin user hide)
    (46 B.CrtYd user hide)
    (47 F.CrtYd user)
    (48 B.Fab user hide)
    (49 F.Fab user hide)
  )

  (setup
    (last_trace_width 0.254)
    (trace_clearance 0.2032)
    (zone_clearance 0.2032)
    (zone_45_only no)
    (trace_min 0.1524)
    (via_size 1.397)
    (via_drill 0.7874)
    (via_min_size 0.635)
    (via_min_drill 0.3048)
    (uvia_size 0.635)
    (uvia_drill 0.3048)
    (uvias_allowed yes)
    (uvia_min_size 0.635)
    (uvia_min_drill 0.3048)
    (edge_width 0.127)
    (segment_width 0.254)
    (pcb_text_width 0.254)
    (pcb_text_size 1.524 1.524)
    (mod_edge_width 0.2032)
    (mod_text_size 1.27 1.27)
    (mod_text_width 0.2032)
    (pad_size 2.413 2.413)
    (pad_drill 1.397)
    (pad_to_mask_clearance 0.2032)
    (solder_mask_min_width 0.254)
    (aux_axis_origin 0 0)
    (visible_elements 7EFFBE7F)
    (pcbplotparams
      (layerselection 0x010e0_ffffffff)
      (usegerberextensions false)
      (usegerberattributes false)
      (usegerberadvancedattributes false)
      (creategerberjobfile false)
      (excludeedgelayer true)
      (linewidth 0.100000)
      (plotframeref false)
      (viasonmask false)
      (mode 1)
      (useauxorigin false)
      (hpglpennumber 1)
      (hpglpenspeed 20)
      (hpglpendiameter 15.000000)
      (psnegative false)
      (psa4output false)
      (plotreference true)
      (plotvalue true)
      (plotinvisibletext false)
      (padsonsilk false)
      (subtractmaskfromsilk false)
      (outputformat 1)
      (mirror false)
      (drillshape 0)
      (scaleselection 1)
      (outputdirectory "PCB-Order/"))
  )

  (net 0 "")
  (net 1 GND)
  (net 2 "Net-(R3-Pad1)")
  (net 3 "Net-(Q1-Pad2)")
  (net 4 "Net-(C2-Pad2)")
  (net 5 "Net-(C2-Pad1)")
  (net 6 -5V)
  (net 7 "Net-(U1-Pad3)")
  (net 8 "Net-(C1-Pad2)")
  (net 9 "Net-(C1-Pad1)")
  (net 10 "Net-(C4-Pad1)")
  (net 11 "Net-(C4-Pad2)")
  (net 12 +5V)
  (net 13 "Net-(C9-Pad2)")
  (net 14 "Net-(C10-Pad2)")
  (net 15 BB_ALT)
  (net 16 BB_EN)
  (net 17 VREF_2.5)
  (net 18 BB_IOUT)
  (net 19 BB_SCL)
  (net 20 BB_SDA)
  (net 21 VOUT_DAC2)
  (net 22 DAC2_SDA)
  (net 23 DAC2_SCL)
  (net 24 DAC1_SCL)
  (net 25 DAC1_SDA)
  (net 26 VOUT_DAC1)
  (net 27 "Net-(C7-Pad1)")
  (net 28 "Net-(C11-Pad1)")

  (net_class Default "This is the default net class."
    (clearance 0.2032)
    (trace_width 0.254)
    (via_dia 1.397)
    (via_drill 0.7874)
    (uvia_dia 0.635)
    (uvia_drill 0.3048)
    (diff_pair_width 2.54)
    (diff_pair_gap 2.54)
    (add_net +5V)
    (add_net -5V)
    (add_net BB_ALT)
    (add_net BB_EN)
    (add_net BB_IOUT)
    (add_net BB_SCL)
    (add_net BB_SDA)
    (add_net DAC1_SCL)
    (add_net DAC1_SDA)
    (add_net DAC2_SCL)
    (add_net DAC2_SDA)
    (add_net GND)
    (add_net "Net-(C1-Pad1)")
    (add_net "Net-(C1-Pad2)")
    (add_net "Net-(C10-Pad2)")
    (add_net "Net-(C11-Pad1)")
    (add_net "Net-(C2-Pad1)")
    (add_net "Net-(C2-Pad2)")
    (add_net "Net-(C4-Pad1)")
    (add_net "Net-(C4-Pad2)")
    (add_net "Net-(C7-Pad1)")
    (add_net "Net-(C9-Pad2)")
    (add_net "Net-(Q1-Pad2)")
    (add_net "Net-(R3-Pad1)")
    (add_net "Net-(U1-Pad3)")
    (add_net VOUT_DAC1)
    (add_net VOUT_DAC2)
    (add_net VREF_2.5)
  )

  (module Package_DFN_QFN:QFN-16-1EP_3x3mm_P0.5mm_EP1.45x1.45mm (layer F.Cu) (tedit 5ECC8548) (tstamp 5ECE083B)
    (at 107.5182 92.4306)
    (descr "QFN, 16 Pin (http://cds.linear.com/docs/en/datasheet/37551fd.pdf), generated with kicad-footprint-generator ipc_dfn_qfn_generator.py")
    (tags "QFN DFN_QFN")
    (path /5EF22AAD)
    (attr smd)
    (fp_text reference U3 (at 0 -2.82) (layer F.SilkS)
      (effects (font (size 1 1) (thickness 0.15)))
    )
    (fp_text value MP8862GQ (at 0 2.82) (layer F.Fab)
      (effects (font (size 1 1) (thickness 0.15)))
    )
    (fp_line (start 2.12 -2.12) (end -2.12 -2.12) (layer F.CrtYd) (width 0.05))
    (fp_line (start 2.12 2.12) (end 2.12 -2.12) (layer F.CrtYd) (width 0.05))
    (fp_line (start -2.12 2.12) (end 2.12 2.12) (layer F.CrtYd) (width 0.05))
    (fp_line (start -2.12 -2.12) (end -2.12 2.12) (layer F.CrtYd) (width 0.05))
    (fp_line (start -1.5 -0.75) (end -0.75 -1.5) (layer F.Fab) (width 0.1))
    (fp_line (start -1.5 1.5) (end -1.5 -0.75) (layer F.Fab) (width 0.1))
    (fp_line (start 1.5 1.5) (end -1.5 1.5) (layer F.Fab) (width 0.1))
    (fp_line (start 1.5 -1.5) (end 1.5 1.5) (layer F.Fab) (width 0.1))
    (fp_line (start -0.75 -1.5) (end 1.5 -1.5) (layer F.Fab) (width 0.1))
    (fp_line (start -1.135 -1.61) (end -1.61 -1.61) (layer F.SilkS) (width 0.12))
    (fp_line (start 1.61 1.61) (end 1.61 1.135) (layer F.SilkS) (width 0.12))
    (fp_line (start 1.135 1.61) (end 1.61 1.61) (layer F.SilkS) (width 0.12))
    (fp_line (start -1.61 1.61) (end -1.61 1.135) (layer F.SilkS) (width 0.12))
    (fp_line (start -1.135 1.61) (end -1.61 1.61) (layer F.SilkS) (width 0.12))
    (fp_line (start 1.61 -1.61) (end 1.61 -1.135) (layer F.SilkS) (width 0.12))
    (fp_line (start 1.135 -1.61) (end 1.61 -1.61) (layer F.SilkS) (width 0.12))
    (pad 16 smd roundrect (at -0.75 -1.4375) (size 0.25 0.875) (layers F.Cu F.Paste F.Mask) (roundrect_rratio 0.25)
      (net 9 "Net-(C1-Pad1)"))
    (pad 15 smd roundrect (at -0.25 -1.4375) (size 0.25 0.875) (layers F.Cu F.Paste F.Mask) (roundrect_rratio 0.25)
      (net 8 "Net-(C1-Pad2)"))
    (pad 14 smd roundrect (at 0.25 -1.4375) (size 0.25 0.875) (layers F.Cu F.Paste F.Mask) (roundrect_rratio 0.25)
      (net 10 "Net-(C4-Pad1)"))
    (pad 13 smd roundrect (at 0.75 -1.4375) (size 0.25 0.875) (layers F.Cu F.Paste F.Mask) (roundrect_rratio 0.25)
      (net 11 "Net-(C4-Pad2)"))
    (pad 12 smd roundrect (at 1.4375 -0.75) (size 0.875 0.25) (layers F.Cu F.Paste F.Mask) (roundrect_rratio 0.25)
      (net 27 "Net-(C7-Pad1)"))
    (pad 11 smd roundrect (at 1.4375 -0.25) (size 0.875 0.25) (layers F.Cu F.Paste F.Mask) (roundrect_rratio 0.25)
      (net 1 GND))
    (pad 10 smd roundrect (at 1.4375 0.25) (size 0.875 0.25) (layers F.Cu F.Paste F.Mask) (roundrect_rratio 0.25)
      (net 1 GND))
    (pad 9 smd roundrect (at 1.4375 0.75) (size 0.875 0.25) (layers F.Cu F.Paste F.Mask) (roundrect_rratio 0.25)
      (net 13 "Net-(C9-Pad2)"))
    (pad 8 smd roundrect (at 0.75 1.4375) (size 0.25 0.875) (layers F.Cu F.Paste F.Mask) (roundrect_rratio 0.25)
      (net 15 BB_ALT))
    (pad 7 smd roundrect (at 0.25 1.4375) (size 0.25 0.875) (layers F.Cu F.Paste F.Mask) (roundrect_rratio 0.25)
      (net 14 "Net-(C10-Pad2)"))
    (pad 6 smd roundrect (at -0.25 1.4375) (size 0.25 0.875) (layers F.Cu F.Paste F.Mask) (roundrect_rratio 0.25)
      (net 20 BB_SDA))
    (pad 5 smd roundrect (at -0.75 1.4375) (size 0.25 0.875) (layers F.Cu F.Paste F.Mask) (roundrect_rratio 0.25)
      (net 19 BB_SCL))
    (pad 4 smd roundrect (at -1.4375 0.75) (size 0.875 0.25) (layers F.Cu F.Paste F.Mask) (roundrect_rratio 0.25)
      (net 2 "Net-(R3-Pad1)"))
    (pad 3 smd roundrect (at -1.4375 0.25) (size 0.875 0.25) (layers F.Cu F.Paste F.Mask) (roundrect_rratio 0.25)
      (net 16 BB_EN))
    (pad 2 smd roundrect (at -1.4375 -0.25) (size 0.875 0.25) (layers F.Cu F.Paste F.Mask) (roundrect_rratio 0.25)
      (net 1 GND))
    (pad 1 smd roundrect (at -1.4375 -0.75) (size 0.875 0.25) (layers F.Cu F.Paste F.Mask) (roundrect_rratio 0.25)
      (net 12 +5V))
    (model ${KISYS3DMOD}/Package_DFN_QFN.3dshapes/QFN-16-1EP_3x3mm_P0.5mm_EP1.45x1.45mm.wrl
      (at (xyz 0 0 0))
      (scale (xyz 1 1 1))
      (rotate (xyz 0 0 0))
    )
  )

  (module Inductor_SMD:L_Bourns_SRR1260 (layer F.Cu) (tedit 5A71B056) (tstamp 5ECE0D99)
    (at 107.6198 79.756)
    (descr "Bourns SRR1260 series SMD inductor http://www.bourns.com/docs/Product-Datasheets/SRR1260.pdf")
    (tags "Bourns SRR1260 SMD inductor")
    (path /5EF24B58)
    (attr smd)
    (fp_text reference L1 (at 0 -7.25) (layer F.SilkS)
      (effects (font (size 1 1) (thickness 0.15)))
    )
    (fp_text value 100uH (at 0 7.4) (layer F.Fab)
      (effects (font (size 1 1) (thickness 0.15)))
    )
    (fp_circle (center 0 0) (end 0 -5.6) (layer F.Fab) (width 0.1))
    (fp_line (start -5.75 -6.25) (end 5.75 -6.25) (layer F.Fab) (width 0.1))
    (fp_line (start -4 2) (end -4 -2) (layer F.Fab) (width 0.1))
    (fp_line (start -6.25 -5.75) (end -6.25 5.75) (layer F.Fab) (width 0.1))
    (fp_line (start 5.75 6.25) (end -5.75 6.25) (layer F.Fab) (width 0.1))
    (fp_line (start 6.25 -5.75) (end 6.25 5.75) (layer F.Fab) (width 0.1))
    (fp_line (start 4 -2) (end 4 2) (layer F.Fab) (width 0.1))
    (fp_line (start -5.75 -6.4) (end 5.75 -6.4) (layer F.SilkS) (width 0.12))
    (fp_line (start -6.4 -5.75) (end -6.4 -3) (layer F.SilkS) (width 0.12))
    (fp_line (start 5.75 6.4) (end -5.75 6.4) (layer F.SilkS) (width 0.12))
    (fp_line (start 6.4 -5.75) (end 6.4 -3) (layer F.SilkS) (width 0.12))
    (fp_line (start -5.75 -6.5) (end 5.75 -6.5) (layer F.CrtYd) (width 0.05))
    (fp_line (start -6.5 5.75) (end -6.5 -5.75) (layer F.CrtYd) (width 0.05))
    (fp_line (start 5.75 6.5) (end -5.75 6.5) (layer F.CrtYd) (width 0.05))
    (fp_line (start 6.5 -5.75) (end 6.5 5.75) (layer F.CrtYd) (width 0.05))
    (fp_text user %R (at 0 0) (layer F.Fab)
      (effects (font (size 1 1) (thickness 0.15)))
    )
    (fp_arc (start -5.75 -5.75) (end -5.75 -6.25) (angle -90) (layer F.Fab) (width 0.1))
    (fp_arc (start 5.75 -5.75) (end 6.25 -5.75) (angle -90) (layer F.Fab) (width 0.1))
    (fp_arc (start 5.75 5.75) (end 5.75 6.25) (angle -90) (layer F.Fab) (width 0.1))
    (fp_arc (start -5.75 5.75) (end -6.25 5.75) (angle -90) (layer F.Fab) (width 0.1))
    (fp_line (start -6.4 3) (end -6.4 5.75) (layer F.SilkS) (width 0.12))
    (fp_line (start 6.4 3) (end 6.4 5.75) (layer F.SilkS) (width 0.12))
    (fp_arc (start -5.75 -5.75) (end -5.75 -6.4) (angle -90) (layer F.SilkS) (width 0.12))
    (fp_arc (start -5.75 5.75) (end -6.4 5.75) (angle -90) (layer F.SilkS) (width 0.12))
    (fp_arc (start 5.75 5.75) (end 5.75 6.4) (angle -90) (layer F.SilkS) (width 0.12))
    (fp_arc (start 5.75 -5.75) (end 6.4 -5.75) (angle -90) (layer F.SilkS) (width 0.12))
    (fp_arc (start -5.75 -5.75) (end -5.75 -6.5) (angle -90) (layer F.CrtYd) (width 0.05))
    (fp_arc (start -5.75 5.75) (end -6.5 5.75) (angle -90) (layer F.CrtYd) (width 0.05))
    (fp_arc (start 5.75 5.75) (end 5.75 6.5) (angle -90) (layer F.CrtYd) (width 0.05))
    (fp_arc (start 5.75 -5.75) (end 6.5 -5.75) (angle -90) (layer F.CrtYd) (width 0.05))
    (pad 2 smd rect (at 4.85 0) (size 2.9 5.4) (layers F.Cu F.Paste F.Mask)
      (net 10 "Net-(C4-Pad1)"))
    (pad 1 smd rect (at -4.85 0) (size 2.9 5.4) (layers F.Cu F.Paste F.Mask)
      (net 8 "Net-(C1-Pad2)"))
    (model ${KISYS3DMOD}/Inductor_SMD.3dshapes/L_Bourns_SRR1260.wrl
      (at (xyz 0 0 0))
      (scale (xyz 1 1 1))
      (rotate (xyz 0 0 0))
    )
  )

  (module "Rays Footprints:C_0603_HandSoldering" (layer F.Cu) (tedit 5E952776) (tstamp 5ECE0B88)
    (at 133.7818 72.1614 90)
    (descr "Capacitor SMD 0603 (1608 Metric), square (rectangular) end terminal, IPC_7351 nominal with elongated pad for handsoldering. (Body size source: http://www.tortai-tech.com/upload/download/2011102023233369053.pdf), generated with kicad-footprint-generator")
    (tags "capacitor handsolder")
    (path /5F3C59C8)
    (attr smd)
    (fp_text reference C13 (at 0 1.524 90) (layer F.SilkS)
      (effects (font (size 1 1) (thickness 0.15)))
    )
    (fp_text value 0.1u (at 0 1.43 90) (layer F.Fab)
      (effects (font (size 1 1) (thickness 0.15)))
    )
    (fp_line (start -0.8 0.4) (end -0.8 -0.4) (layer F.Fab) (width 0.1))
    (fp_line (start -0.8 -0.4) (end 0.8 -0.4) (layer F.Fab) (width 0.1))
    (fp_line (start 0.8 -0.4) (end 0.8 0.4) (layer F.Fab) (width 0.1))
    (fp_line (start 0.8 0.4) (end -0.8 0.4) (layer F.Fab) (width 0.1))
    (fp_line (start -0.171267 -0.51) (end 0.171267 -0.51) (layer F.SilkS) (width 0.12))
    (fp_line (start -0.171267 0.51) (end 0.171267 0.51) (layer F.SilkS) (width 0.12))
    (fp_line (start -1.65 0.73) (end -1.65 -0.73) (layer F.CrtYd) (width 0.05))
    (fp_line (start -1.65 -0.73) (end 1.65 -0.73) (layer F.CrtYd) (width 0.05))
    (fp_line (start 1.65 -0.73) (end 1.65 0.73) (layer F.CrtYd) (width 0.05))
    (fp_line (start 1.65 0.73) (end -1.65 0.73) (layer F.CrtYd) (width 0.05))
    (fp_text user %R (at 0 0 90) (layer F.Fab)
      (effects (font (size 0.4 0.4) (thickness 0.06)))
    )
    (pad 1 smd roundrect (at -0.875 0 90) (size 1.05 0.95) (layers F.Cu F.Paste F.Mask) (roundrect_rratio 0.25)
      (net 1 GND))
    (pad 2 smd roundrect (at 0.875 0 90) (size 1.05 0.95) (layers F.Cu F.Paste F.Mask) (roundrect_rratio 0.25)
      (net 17 VREF_2.5))
    (model ${KICAD_USER_LIB_DIR}/3-3DModels/C_0603.step
      (at (xyz 0 0 0))
      (scale (xyz 1 1 1))
      (rotate (xyz 0 0 0))
    )
  )

  (module "Rays Footprints:Mount-Hole-#6" (layer F.Cu) (tedit 5EA46327) (tstamp 5EC972DA)
    (at 78.74 58.42)
    (path /5ECA813D)
    (fp_text reference MTH1 (at 0 0.5) (layer F.SilkS)
      (effects (font (size 1 1) (thickness 0.15)))
    )
    (fp_text value "Mount Hole" (at -2.159 -4.064) (layer F.Fab)
      (effects (font (size 1 1) (thickness 0.15)))
    )
    (fp_circle (center 0 0) (end 3.558267 0) (layer F.CrtYd) (width 0.127))
    (pad 1 thru_hole circle (at 0 0) (size 6.985 6.985) (drill 3.6576) (layers *.Cu *.Mask)
      (zone_connect 2))
    (model C:/Users/ray/OneDrive/Projects/kicad/3-3DModels/Screw-6-32-0p125.stp
      (offset (xyz 0 0 -3.25))
      (scale (xyz 1 1 1))
      (rotate (xyz 0 0 0))
    )
  )

  (module "Rays Footprints:Mount-Hole-#6" (layer F.Cu) (tedit 5EA46327) (tstamp 5EC972E0)
    (at 162.56 58.42)
    (path /5ECA813F)
    (fp_text reference MTH2 (at 0 0.5) (layer F.SilkS)
      (effects (font (size 1 1) (thickness 0.15)))
    )
    (fp_text value "Mount Hole" (at -2.159 -4.064) (layer F.Fab)
      (effects (font (size 1 1) (thickness 0.15)))
    )
    (fp_circle (center 0 0) (end 3.558267 0) (layer F.CrtYd) (width 0.127))
    (pad 1 thru_hole circle (at 0 0) (size 6.985 6.985) (drill 3.6576) (layers *.Cu *.Mask)
      (zone_connect 2))
    (model C:/Users/ray/OneDrive/Projects/kicad/3-3DModels/Screw-6-32-0p125.stp
      (offset (xyz 0 0 -3.25))
      (scale (xyz 1 1 1))
      (rotate (xyz 0 0 0))
    )
  )

  (module "Rays Footprints:Mount-Hole-#6" (layer F.Cu) (tedit 5EA46327) (tstamp 5EC972E6)
    (at 78.74 114.3)
    (path /5ECA813E)
    (fp_text reference MTH3 (at 0 0.5) (layer F.SilkS)
      (effects (font (size 1 1) (thickness 0.15)))
    )
    (fp_text value "Mount Hole" (at -2.159 -4.064) (layer F.Fab)
      (effects (font (size 1 1) (thickness 0.15)))
    )
    (fp_circle (center 0 0) (end 3.558267 0) (layer F.CrtYd) (width 0.127))
    (pad 1 thru_hole circle (at 0 0) (size 6.985 6.985) (drill 3.6576) (layers *.Cu *.Mask)
      (zone_connect 2))
    (model C:/Users/ray/OneDrive/Projects/kicad/3-3DModels/Screw-6-32-0p125.stp
      (offset (xyz 0 0 -3.25))
      (scale (xyz 1 1 1))
      (rotate (xyz 0 0 0))
    )
  )

  (module "Rays Footprints:Mount-Hole-#6" (layer F.Cu) (tedit 5EA46327) (tstamp 5EC972EC)
    (at 162.56 114.3)
    (path /5ECA8140)
    (fp_text reference MTH4 (at 0 0.5) (layer F.SilkS)
      (effects (font (size 1 1) (thickness 0.15)))
    )
    (fp_text value "Mount Hole" (at -2.159 -4.064) (layer F.Fab)
      (effects (font (size 1 1) (thickness 0.15)))
    )
    (fp_circle (center 0 0) (end 3.558267 0) (layer F.CrtYd) (width 0.127))
    (pad 1 thru_hole circle (at 0 0) (size 6.985 6.985) (drill 3.6576) (layers *.Cu *.Mask)
      (zone_connect 2))
    (model C:/Users/ray/OneDrive/Projects/kicad/3-3DModels/Screw-6-32-0p125.stp
      (offset (xyz 0 0 -3.25))
      (scale (xyz 1 1 1))
      (rotate (xyz 0 0 0))
    )
  )

  (module "Rays Footprints:C_0805_HandSoldering" (layer F.Cu) (tedit 5E992383) (tstamp 5ECE536E)
    (at 121.6152 102.5652 90)
    (descr "Capacitor SMD 0805 (2012 Metric), square (rectangular) end terminal, IPC_7351 nominal with elongated pad for handsoldering. (Body size source: https://docs.google.com/spreadsheets/d/1BsfQQcO9C6DZCsRaXUlFlo91Tg2WpOkGARC1WS5S8t0/edit?usp=sharing), generated with kicad-footprint-generator")
    (tags "capacitor handsolder")
    (path /5EDF1FCB)
    (attr smd)
    (fp_text reference C2 (at 0 -1.65 90) (layer F.SilkS)
      (effects (font (size 1 1) (thickness 0.15)))
    )
    (fp_text value 1u/15V (at 0 1.65 90) (layer F.Fab)
      (effects (font (size 1 1) (thickness 0.15)))
    )
    (fp_line (start -1 0.6) (end -1 -0.6) (layer F.Fab) (width 0.1))
    (fp_line (start -1 -0.6) (end 1 -0.6) (layer F.Fab) (width 0.1))
    (fp_line (start 1 -0.6) (end 1 0.6) (layer F.Fab) (width 0.1))
    (fp_line (start 1 0.6) (end -1 0.6) (layer F.Fab) (width 0.1))
    (fp_line (start -0.261252 -0.71) (end 0.261252 -0.71) (layer F.SilkS) (width 0.12))
    (fp_line (start -0.261252 0.71) (end 0.261252 0.71) (layer F.SilkS) (width 0.12))
    (fp_line (start -1.85 0.95) (end -1.85 -0.95) (layer F.CrtYd) (width 0.05))
    (fp_line (start -1.85 -0.95) (end 1.85 -0.95) (layer F.CrtYd) (width 0.05))
    (fp_line (start 1.85 -0.95) (end 1.85 0.95) (layer F.CrtYd) (width 0.05))
    (fp_line (start 1.85 0.95) (end -1.85 0.95) (layer F.CrtYd) (width 0.05))
    (fp_text user %R (at 0 0 90) (layer F.Fab)
      (effects (font (size 0.5 0.5) (thickness 0.08)))
    )
    (pad 1 smd roundrect (at -1.025 0 90) (size 1.15 1.4) (layers F.Cu F.Paste F.Mask) (roundrect_rratio 0.217)
      (net 5 "Net-(C2-Pad1)"))
    (pad 2 smd roundrect (at 1.025 0 90) (size 1.15 1.4) (layers F.Cu F.Paste F.Mask) (roundrect_rratio 0.217)
      (net 4 "Net-(C2-Pad2)"))
    (model ${KICAD_USER_LIB_DIR}/3-3DModels/C_0805.step
      (at (xyz 0 0 0))
      (scale (xyz 1 1 1))
      (rotate (xyz 0 0 0))
    )
  )

  (module "Rays Footprints:C_0805_HandSoldering" (layer F.Cu) (tedit 5E992383) (tstamp 5ECE0F5D)
    (at 127 98.171)
    (descr "Capacitor SMD 0805 (2012 Metric), square (rectangular) end terminal, IPC_7351 nominal with elongated pad for handsoldering. (Body size source: https://docs.google.com/spreadsheets/d/1BsfQQcO9C6DZCsRaXUlFlo91Tg2WpOkGARC1WS5S8t0/edit?usp=sharing), generated with kicad-footprint-generator")
    (tags "capacitor handsolder")
    (path /5EDF6A9F)
    (attr smd)
    (fp_text reference C3 (at 0 -1.65) (layer F.SilkS)
      (effects (font (size 1 1) (thickness 0.15)))
    )
    (fp_text value 1u/15V (at 0 1.65) (layer F.Fab)
      (effects (font (size 1 1) (thickness 0.15)))
    )
    (fp_text user %R (at 0 0) (layer F.Fab)
      (effects (font (size 0.5 0.5) (thickness 0.08)))
    )
    (fp_line (start 1.85 0.95) (end -1.85 0.95) (layer F.CrtYd) (width 0.05))
    (fp_line (start 1.85 -0.95) (end 1.85 0.95) (layer F.CrtYd) (width 0.05))
    (fp_line (start -1.85 -0.95) (end 1.85 -0.95) (layer F.CrtYd) (width 0.05))
    (fp_line (start -1.85 0.95) (end -1.85 -0.95) (layer F.CrtYd) (width 0.05))
    (fp_line (start -0.261252 0.71) (end 0.261252 0.71) (layer F.SilkS) (width 0.12))
    (fp_line (start -0.261252 -0.71) (end 0.261252 -0.71) (layer F.SilkS) (width 0.12))
    (fp_line (start 1 0.6) (end -1 0.6) (layer F.Fab) (width 0.1))
    (fp_line (start 1 -0.6) (end 1 0.6) (layer F.Fab) (width 0.1))
    (fp_line (start -1 -0.6) (end 1 -0.6) (layer F.Fab) (width 0.1))
    (fp_line (start -1 0.6) (end -1 -0.6) (layer F.Fab) (width 0.1))
    (pad 2 smd roundrect (at 1.025 0) (size 1.15 1.4) (layers F.Cu F.Paste F.Mask) (roundrect_rratio 0.217)
      (net 1 GND))
    (pad 1 smd roundrect (at -1.025 0) (size 1.15 1.4) (layers F.Cu F.Paste F.Mask) (roundrect_rratio 0.217)
      (net 6 -5V))
    (model ${KICAD_USER_LIB_DIR}/3-3DModels/C_0805.step
      (at (xyz 0 0 0))
      (scale (xyz 1 1 1))
      (rotate (xyz 0 0 0))
    )
  )

  (module "Rays Footprints:R_2512_HandSoldering" (layer F.Cu) (tedit 5EA4820A) (tstamp 5ECE0FDD)
    (at 129.1812 91.6686 180)
    (path /5ECFDE7F)
    (fp_text reference R11 (at 0.2032 -2.921 180) (layer F.SilkS)
      (effects (font (size 1 1) (thickness 0.15)))
    )
    (fp_text value 0.1 (at 0.0254 3.1496 180) (layer F.Fab)
      (effects (font (size 1 1) (thickness 0.15)))
    )
    (fp_line (start -4.55 2.1082) (end -4.55 -2.1082) (layer F.CrtYd) (width 0.12))
    (fp_line (start 4.5 2.1082) (end -4.55 2.1082) (layer F.CrtYd) (width 0.12))
    (fp_line (start 4.5 -2.1082) (end 4.5 2.1082) (layer F.CrtYd) (width 0.12))
    (fp_line (start -4.55 -2.1082) (end 4.5 -2.1082) (layer F.CrtYd) (width 0.12))
    (fp_line (start -3.2512 1.651) (end -3.2512 -1.651) (layer F.Fab) (width 0.12))
    (fp_line (start 3.2512 1.651) (end -3.2512 1.651) (layer F.Fab) (width 0.12))
    (fp_line (start 3.2512 -1.651) (end 3.2512 1.651) (layer F.Fab) (width 0.12))
    (fp_line (start -3.2512 -1.651) (end 3.2512 -1.651) (layer F.Fab) (width 0.12))
    (fp_line (start -1.85 2.032) (end 1.85 2.032) (layer F.SilkS) (width 0.127))
    (fp_line (start -1.85 -2.032) (end 1.85 -2.032) (layer F.SilkS) (width 0.127))
    (pad 2 smd rect (at 3.375 0 180) (size 2 3.5) (layers F.Cu F.Paste F.Mask)
      (net 27 "Net-(C7-Pad1)"))
    (pad 1 smd rect (at -3.375 0 180) (size 2 3.5) (layers F.Cu F.Paste F.Mask)
      (net 28 "Net-(C11-Pad1)"))
    (model ${KICAD_USER_LIB_DIR}/3-3DModels/R_2512.step
      (at (xyz 0 0 0))
      (scale (xyz 1 1 1))
      (rotate (xyz 0 0 0))
    )
  )

  (module Package_TO_SOT_SMD:TSOT-23-6_HandSoldering (layer F.Cu) (tedit 5A02FF57) (tstamp 5ECE53A3)
    (at 124.555199 102.570601 270)
    (descr "6-pin TSOT23 package, http://cds.linear.com/docs/en/packaging/SOT_6_05-08-1636.pdf")
    (tags "TSOT-23-6 MK06A TSOT-6 Hand-soldering")
    (path /5EDEAA46)
    (attr smd)
    (fp_text reference U2 (at 0 -2.45 90) (layer F.SilkS)
      (effects (font (size 1 1) (thickness 0.15)))
    )
    (fp_text value MAX1719EUT (at 0 2.5 90) (layer F.Fab)
      (effects (font (size 1 1) (thickness 0.15)))
    )
    (fp_text user %R (at 0 0) (layer F.Fab)
      (effects (font (size 0.5 0.5) (thickness 0.075)))
    )
    (fp_line (start -0.88 1.56) (end 0.88 1.56) (layer F.SilkS) (width 0.12))
    (fp_line (start 0.88 -1.51) (end -1.55 -1.51) (layer F.SilkS) (width 0.12))
    (fp_line (start -0.88 -1) (end -0.43 -1.45) (layer F.Fab) (width 0.1))
    (fp_line (start 0.88 -1.45) (end -0.43 -1.45) (layer F.Fab) (width 0.1))
    (fp_line (start -0.88 -1) (end -0.88 1.45) (layer F.Fab) (width 0.1))
    (fp_line (start 0.88 1.45) (end -0.88 1.45) (layer F.Fab) (width 0.1))
    (fp_line (start 0.88 -1.45) (end 0.88 1.45) (layer F.Fab) (width 0.1))
    (fp_line (start -2.96 -1.7) (end 2.96 -1.7) (layer F.CrtYd) (width 0.05))
    (fp_line (start -2.96 -1.7) (end -2.96 1.7) (layer F.CrtYd) (width 0.05))
    (fp_line (start 2.96 1.7) (end 2.96 -1.7) (layer F.CrtYd) (width 0.05))
    (fp_line (start 2.96 1.7) (end -2.96 1.7) (layer F.CrtYd) (width 0.05))
    (pad 1 smd rect (at -1.71 -0.95 270) (size 2 0.65) (layers F.Cu F.Paste F.Mask)
      (net 6 -5V))
    (pad 2 smd rect (at -1.71 0 270) (size 2 0.65) (layers F.Cu F.Paste F.Mask)
      (net 12 +5V))
    (pad 3 smd rect (at -1.71 0.95 270) (size 2 0.65) (layers F.Cu F.Paste F.Mask)
      (net 4 "Net-(C2-Pad2)"))
    (pad 4 smd rect (at 1.71 0.95 270) (size 2 0.65) (layers F.Cu F.Paste F.Mask)
      (net 1 GND))
    (pad 5 smd rect (at 1.71 0 270) (size 2 0.65) (layers F.Cu F.Paste F.Mask)
      (net 1 GND))
    (pad 6 smd rect (at 1.71 -0.95 270) (size 2 0.65) (layers F.Cu F.Paste F.Mask)
      (net 5 "Net-(C2-Pad1)"))
    (model ${KISYS3DMOD}/Package_TO_SOT_SMD.3dshapes/TSOT-23-6.wrl
      (at (xyz 0 0 0))
      (scale (xyz 1 1 1))
      (rotate (xyz 0 0 0))
    )
  )

  (module Package_SO:SOIC-8_3.9x4.9mm_P1.27mm (layer F.Cu) (tedit 5D9F72B1) (tstamp 5ECE05DF)
    (at 129.1082 84.3026 180)
    (descr "SOIC, 8 Pin (JEDEC MS-012AA, https://www.analog.com/media/en/package-pcb-resources/package/pkg_pdf/soic_narrow-r/r_8.pdf), generated with kicad-footprint-generator ipc_gullwing_generator.py")
    (tags "SOIC SO")
    (path /5EEF2A9E)
    (attr smd)
    (fp_text reference U1 (at 0 -3.4) (layer F.SilkS)
      (effects (font (size 1 1) (thickness 0.15)))
    )
    (fp_text value AD8208 (at 0 3.4) (layer F.Fab)
      (effects (font (size 1 1) (thickness 0.15)))
    )
    (fp_text user %R (at 0 0) (layer F.Fab)
      (effects (font (size 0.98 0.98) (thickness 0.15)))
    )
    (fp_line (start 3.7 -2.7) (end -3.7 -2.7) (layer F.CrtYd) (width 0.05))
    (fp_line (start 3.7 2.7) (end 3.7 -2.7) (layer F.CrtYd) (width 0.05))
    (fp_line (start -3.7 2.7) (end 3.7 2.7) (layer F.CrtYd) (width 0.05))
    (fp_line (start -3.7 -2.7) (end -3.7 2.7) (layer F.CrtYd) (width 0.05))
    (fp_line (start -1.95 -1.475) (end -0.975 -2.45) (layer F.Fab) (width 0.1))
    (fp_line (start -1.95 2.45) (end -1.95 -1.475) (layer F.Fab) (width 0.1))
    (fp_line (start 1.95 2.45) (end -1.95 2.45) (layer F.Fab) (width 0.1))
    (fp_line (start 1.95 -2.45) (end 1.95 2.45) (layer F.Fab) (width 0.1))
    (fp_line (start -0.975 -2.45) (end 1.95 -2.45) (layer F.Fab) (width 0.1))
    (fp_line (start 0 -2.56) (end -3.45 -2.56) (layer F.SilkS) (width 0.12))
    (fp_line (start 0 -2.56) (end 1.95 -2.56) (layer F.SilkS) (width 0.12))
    (fp_line (start 0 2.56) (end -1.95 2.56) (layer F.SilkS) (width 0.12))
    (fp_line (start 0 2.56) (end 1.95 2.56) (layer F.SilkS) (width 0.12))
    (pad 8 smd roundrect (at 2.475 -1.905 180) (size 1.95 0.6) (layers F.Cu F.Paste F.Mask) (roundrect_rratio 0.25)
      (net 27 "Net-(C7-Pad1)"))
    (pad 7 smd roundrect (at 2.475 -0.635 180) (size 1.95 0.6) (layers F.Cu F.Paste F.Mask) (roundrect_rratio 0.25))
    (pad 6 smd roundrect (at 2.475 0.635 180) (size 1.95 0.6) (layers F.Cu F.Paste F.Mask) (roundrect_rratio 0.25)
      (net 12 +5V))
    (pad 5 smd roundrect (at 2.475 1.905 180) (size 1.95 0.6) (layers F.Cu F.Paste F.Mask) (roundrect_rratio 0.25)
      (net 18 BB_IOUT))
    (pad 4 smd roundrect (at -2.475 1.905 180) (size 1.95 0.6) (layers F.Cu F.Paste F.Mask) (roundrect_rratio 0.25)
      (net 7 "Net-(U1-Pad3)"))
    (pad 3 smd roundrect (at -2.475 0.635 180) (size 1.95 0.6) (layers F.Cu F.Paste F.Mask) (roundrect_rratio 0.25)
      (net 7 "Net-(U1-Pad3)"))
    (pad 2 smd roundrect (at -2.475 -0.635 180) (size 1.95 0.6) (layers F.Cu F.Paste F.Mask) (roundrect_rratio 0.25)
      (net 1 GND))
    (pad 1 smd roundrect (at -2.475 -1.905 180) (size 1.95 0.6) (layers F.Cu F.Paste F.Mask) (roundrect_rratio 0.25)
      (net 28 "Net-(C11-Pad1)"))
    (model ${KISYS3DMOD}/Package_SO.3dshapes/SOIC-8_3.9x4.9mm_P1.27mm.wrl
      (at (xyz 0 0 0))
      (scale (xyz 1 1 1))
      (rotate (xyz 0 0 0))
    )
  )

  (module "Rays Footprints:C_0603_HandSoldering" (layer F.Cu) (tedit 5E952776) (tstamp 5ECE0D26)
    (at 103.4796 89.041 90)
    (descr "Capacitor SMD 0603 (1608 Metric), square (rectangular) end terminal, IPC_7351 nominal with elongated pad for handsoldering. (Body size source: http://www.tortai-tech.com/upload/download/2011102023233369053.pdf), generated with kicad-footprint-generator")
    (tags "capacitor handsolder")
    (path /5EF3548B)
    (attr smd)
    (fp_text reference C1 (at -0.0254 -1.3716 90) (layer F.SilkS)
      (effects (font (size 1 1) (thickness 0.15)))
    )
    (fp_text value 0.1u (at 0 1.43 90) (layer F.Fab)
      (effects (font (size 1 1) (thickness 0.15)))
    )
    (fp_text user %R (at 0 0 90) (layer F.Fab)
      (effects (font (size 0.4 0.4) (thickness 0.06)))
    )
    (fp_line (start 1.65 0.73) (end -1.65 0.73) (layer F.CrtYd) (width 0.05))
    (fp_line (start 1.65 -0.73) (end 1.65 0.73) (layer F.CrtYd) (width 0.05))
    (fp_line (start -1.65 -0.73) (end 1.65 -0.73) (layer F.CrtYd) (width 0.05))
    (fp_line (start -1.65 0.73) (end -1.65 -0.73) (layer F.CrtYd) (width 0.05))
    (fp_line (start -0.171267 0.51) (end 0.171267 0.51) (layer F.SilkS) (width 0.12))
    (fp_line (start -0.171267 -0.51) (end 0.171267 -0.51) (layer F.SilkS) (width 0.12))
    (fp_line (start 0.8 0.4) (end -0.8 0.4) (layer F.Fab) (width 0.1))
    (fp_line (start 0.8 -0.4) (end 0.8 0.4) (layer F.Fab) (width 0.1))
    (fp_line (start -0.8 -0.4) (end 0.8 -0.4) (layer F.Fab) (width 0.1))
    (fp_line (start -0.8 0.4) (end -0.8 -0.4) (layer F.Fab) (width 0.1))
    (pad 2 smd roundrect (at 0.875 0 90) (size 1.05 0.95) (layers F.Cu F.Paste F.Mask) (roundrect_rratio 0.25)
      (net 8 "Net-(C1-Pad2)"))
    (pad 1 smd roundrect (at -0.875 0 90) (size 1.05 0.95) (layers F.Cu F.Paste F.Mask) (roundrect_rratio 0.25)
      (net 9 "Net-(C1-Pad1)"))
    (model ${KICAD_USER_LIB_DIR}/3-3DModels/C_0603.step
      (at (xyz 0 0 0))
      (scale (xyz 1 1 1))
      (rotate (xyz 0 0 0))
    )
  )

  (module "Rays Footprints:C_0603_HandSoldering" (layer F.Cu) (tedit 5E952776) (tstamp 5ECE0E1F)
    (at 110.871 89.041 270)
    (descr "Capacitor SMD 0603 (1608 Metric), square (rectangular) end terminal, IPC_7351 nominal with elongated pad for handsoldering. (Body size source: http://www.tortai-tech.com/upload/download/2011102023233369053.pdf), generated with kicad-footprint-generator")
    (tags "capacitor handsolder")
    (path /5EF36340)
    (attr smd)
    (fp_text reference C4 (at 0.0368 -1.651 90) (layer F.SilkS)
      (effects (font (size 1 1) (thickness 0.15)))
    )
    (fp_text value 0.1u (at 0 1.43 90) (layer F.Fab)
      (effects (font (size 1 1) (thickness 0.15)))
    )
    (fp_line (start -0.8 0.4) (end -0.8 -0.4) (layer F.Fab) (width 0.1))
    (fp_line (start -0.8 -0.4) (end 0.8 -0.4) (layer F.Fab) (width 0.1))
    (fp_line (start 0.8 -0.4) (end 0.8 0.4) (layer F.Fab) (width 0.1))
    (fp_line (start 0.8 0.4) (end -0.8 0.4) (layer F.Fab) (width 0.1))
    (fp_line (start -0.171267 -0.51) (end 0.171267 -0.51) (layer F.SilkS) (width 0.12))
    (fp_line (start -0.171267 0.51) (end 0.171267 0.51) (layer F.SilkS) (width 0.12))
    (fp_line (start -1.65 0.73) (end -1.65 -0.73) (layer F.CrtYd) (width 0.05))
    (fp_line (start -1.65 -0.73) (end 1.65 -0.73) (layer F.CrtYd) (width 0.05))
    (fp_line (start 1.65 -0.73) (end 1.65 0.73) (layer F.CrtYd) (width 0.05))
    (fp_line (start 1.65 0.73) (end -1.65 0.73) (layer F.CrtYd) (width 0.05))
    (fp_text user %R (at 0 0 90) (layer F.Fab)
      (effects (font (size 0.4 0.4) (thickness 0.06)))
    )
    (pad 1 smd roundrect (at -0.875 0 270) (size 1.05 0.95) (layers F.Cu F.Paste F.Mask) (roundrect_rratio 0.25)
      (net 10 "Net-(C4-Pad1)"))
    (pad 2 smd roundrect (at 0.875 0 270) (size 1.05 0.95) (layers F.Cu F.Paste F.Mask) (roundrect_rratio 0.25)
      (net 11 "Net-(C4-Pad2)"))
    (model ${KICAD_USER_LIB_DIR}/3-3DModels/C_0603.step
      (at (xyz 0 0 0))
      (scale (xyz 1 1 1))
      (rotate (xyz 0 0 0))
    )
  )

  (module "Rays Footprints:C_0603_HandSoldering" (layer F.Cu) (tedit 5E952776) (tstamp 5ECE0CF6)
    (at 103.505 92.71 90)
    (descr "Capacitor SMD 0603 (1608 Metric), square (rectangular) end terminal, IPC_7351 nominal with elongated pad for handsoldering. (Body size source: http://www.tortai-tech.com/upload/download/2011102023233369053.pdf), generated with kicad-footprint-generator")
    (tags "capacitor handsolder")
    (path /5EF52663)
    (attr smd)
    (fp_text reference C6 (at 0 -1.397 90) (layer F.SilkS)
      (effects (font (size 1 1) (thickness 0.15)))
    )
    (fp_text value 0.1u (at 0 1.43 90) (layer F.Fab)
      (effects (font (size 1 1) (thickness 0.15)))
    )
    (fp_text user %R (at 0 0 90) (layer F.Fab)
      (effects (font (size 0.4 0.4) (thickness 0.06)))
    )
    (fp_line (start 1.65 0.73) (end -1.65 0.73) (layer F.CrtYd) (width 0.05))
    (fp_line (start 1.65 -0.73) (end 1.65 0.73) (layer F.CrtYd) (width 0.05))
    (fp_line (start -1.65 -0.73) (end 1.65 -0.73) (layer F.CrtYd) (width 0.05))
    (fp_line (start -1.65 0.73) (end -1.65 -0.73) (layer F.CrtYd) (width 0.05))
    (fp_line (start -0.171267 0.51) (end 0.171267 0.51) (layer F.SilkS) (width 0.12))
    (fp_line (start -0.171267 -0.51) (end 0.171267 -0.51) (layer F.SilkS) (width 0.12))
    (fp_line (start 0.8 0.4) (end -0.8 0.4) (layer F.Fab) (width 0.1))
    (fp_line (start 0.8 -0.4) (end 0.8 0.4) (layer F.Fab) (width 0.1))
    (fp_line (start -0.8 -0.4) (end 0.8 -0.4) (layer F.Fab) (width 0.1))
    (fp_line (start -0.8 0.4) (end -0.8 -0.4) (layer F.Fab) (width 0.1))
    (pad 2 smd roundrect (at 0.875 0 90) (size 1.05 0.95) (layers F.Cu F.Paste F.Mask) (roundrect_rratio 0.25)
      (net 12 +5V))
    (pad 1 smd roundrect (at -0.875 0 90) (size 1.05 0.95) (layers F.Cu F.Paste F.Mask) (roundrect_rratio 0.25)
      (net 1 GND))
    (model ${KICAD_USER_LIB_DIR}/3-3DModels/C_0603.step
      (at (xyz 0 0 0))
      (scale (xyz 1 1 1))
      (rotate (xyz 0 0 0))
    )
  )

  (module "Rays Footprints:C_0603_HandSoldering" (layer F.Cu) (tedit 5E952776) (tstamp 5ECE0EBE)
    (at 110.871 92.5436 90)
    (descr "Capacitor SMD 0603 (1608 Metric), square (rectangular) end terminal, IPC_7351 nominal with elongated pad for handsoldering. (Body size source: http://www.tortai-tech.com/upload/download/2011102023233369053.pdf), generated with kicad-footprint-generator")
    (tags "capacitor handsolder")
    (path /5F05075F)
    (attr smd)
    (fp_text reference C8 (at 0.0368 1.5494 270) (layer F.SilkS)
      (effects (font (size 1 1) (thickness 0.15)))
    )
    (fp_text value 0.1u (at 0 1.43 90) (layer F.Fab)
      (effects (font (size 1 1) (thickness 0.15)))
    )
    (fp_line (start -0.8 0.4) (end -0.8 -0.4) (layer F.Fab) (width 0.1))
    (fp_line (start -0.8 -0.4) (end 0.8 -0.4) (layer F.Fab) (width 0.1))
    (fp_line (start 0.8 -0.4) (end 0.8 0.4) (layer F.Fab) (width 0.1))
    (fp_line (start 0.8 0.4) (end -0.8 0.4) (layer F.Fab) (width 0.1))
    (fp_line (start -0.171267 -0.51) (end 0.171267 -0.51) (layer F.SilkS) (width 0.12))
    (fp_line (start -0.171267 0.51) (end 0.171267 0.51) (layer F.SilkS) (width 0.12))
    (fp_line (start -1.65 0.73) (end -1.65 -0.73) (layer F.CrtYd) (width 0.05))
    (fp_line (start -1.65 -0.73) (end 1.65 -0.73) (layer F.CrtYd) (width 0.05))
    (fp_line (start 1.65 -0.73) (end 1.65 0.73) (layer F.CrtYd) (width 0.05))
    (fp_line (start 1.65 0.73) (end -1.65 0.73) (layer F.CrtYd) (width 0.05))
    (fp_text user %R (at 0 0 90) (layer F.Fab)
      (effects (font (size 0.4 0.4) (thickness 0.06)))
    )
    (pad 1 smd roundrect (at -0.875 0 90) (size 1.05 0.95) (layers F.Cu F.Paste F.Mask) (roundrect_rratio 0.25)
      (net 1 GND))
    (pad 2 smd roundrect (at 0.875 0 90) (size 1.05 0.95) (layers F.Cu F.Paste F.Mask) (roundrect_rratio 0.25)
      (net 27 "Net-(C7-Pad1)"))
    (model ${KICAD_USER_LIB_DIR}/3-3DModels/C_0603.step
      (at (xyz 0 0 0))
      (scale (xyz 1 1 1))
      (rotate (xyz 0 0 0))
    )
  )

  (module "Rays Footprints:C_0603_HandSoldering" (layer F.Cu) (tedit 5E952776) (tstamp 5ECE0E4F)
    (at 110.7694 95.8342 180)
    (descr "Capacitor SMD 0603 (1608 Metric), square (rectangular) end terminal, IPC_7351 nominal with elongated pad for handsoldering. (Body size source: http://www.tortai-tech.com/upload/download/2011102023233369053.pdf), generated with kicad-footprint-generator")
    (tags "capacitor handsolder")
    (path /5EF72D37)
    (attr smd)
    (fp_text reference C9 (at -2.6302 -0.0254 180) (layer F.SilkS)
      (effects (font (size 1 1) (thickness 0.15)))
    )
    (fp_text value 0.1u (at 0 1.43) (layer F.Fab)
      (effects (font (size 1 1) (thickness 0.15)))
    )
    (fp_line (start -0.8 0.4) (end -0.8 -0.4) (layer F.Fab) (width 0.1))
    (fp_line (start -0.8 -0.4) (end 0.8 -0.4) (layer F.Fab) (width 0.1))
    (fp_line (start 0.8 -0.4) (end 0.8 0.4) (layer F.Fab) (width 0.1))
    (fp_line (start 0.8 0.4) (end -0.8 0.4) (layer F.Fab) (width 0.1))
    (fp_line (start -0.171267 -0.51) (end 0.171267 -0.51) (layer F.SilkS) (width 0.12))
    (fp_line (start -0.171267 0.51) (end 0.171267 0.51) (layer F.SilkS) (width 0.12))
    (fp_line (start -1.65 0.73) (end -1.65 -0.73) (layer F.CrtYd) (width 0.05))
    (fp_line (start -1.65 -0.73) (end 1.65 -0.73) (layer F.CrtYd) (width 0.05))
    (fp_line (start 1.65 -0.73) (end 1.65 0.73) (layer F.CrtYd) (width 0.05))
    (fp_line (start 1.65 0.73) (end -1.65 0.73) (layer F.CrtYd) (width 0.05))
    (fp_text user %R (at 0 0) (layer F.Fab)
      (effects (font (size 0.4 0.4) (thickness 0.06)))
    )
    (pad 1 smd roundrect (at -0.875 0 180) (size 1.05 0.95) (layers F.Cu F.Paste F.Mask) (roundrect_rratio 0.25)
      (net 1 GND))
    (pad 2 smd roundrect (at 0.875 0 180) (size 1.05 0.95) (layers F.Cu F.Paste F.Mask) (roundrect_rratio 0.25)
      (net 13 "Net-(C9-Pad2)"))
    (model ${KICAD_USER_LIB_DIR}/3-3DModels/C_0603.step
      (at (xyz 0 0 0))
      (scale (xyz 1 1 1))
      (rotate (xyz 0 0 0))
    )
  )

  (module "Rays Footprints:C_0603_HandSoldering" (layer F.Cu) (tedit 5E952776) (tstamp 5ECE0C66)
    (at 105.918 98.171 90)
    (descr "Capacitor SMD 0603 (1608 Metric), square (rectangular) end terminal, IPC_7351 nominal with elongated pad for handsoldering. (Body size source: http://www.tortai-tech.com/upload/download/2011102023233369053.pdf), generated with kicad-footprint-generator")
    (tags "capacitor handsolder")
    (path /5F0206D7)
    (attr smd)
    (fp_text reference C10 (at -3.429 0 270) (layer F.SilkS)
      (effects (font (size 1 1) (thickness 0.15)))
    )
    (fp_text value 22nF (at 0 1.43 90) (layer F.Fab)
      (effects (font (size 1 1) (thickness 0.15)))
    )
    (fp_text user %R (at 0 0 90) (layer F.Fab)
      (effects (font (size 0.4 0.4) (thickness 0.06)))
    )
    (fp_line (start 1.65 0.73) (end -1.65 0.73) (layer F.CrtYd) (width 0.05))
    (fp_line (start 1.65 -0.73) (end 1.65 0.73) (layer F.CrtYd) (width 0.05))
    (fp_line (start -1.65 -0.73) (end 1.65 -0.73) (layer F.CrtYd) (width 0.05))
    (fp_line (start -1.65 0.73) (end -1.65 -0.73) (layer F.CrtYd) (width 0.05))
    (fp_line (start -0.171267 0.51) (end 0.171267 0.51) (layer F.SilkS) (width 0.12))
    (fp_line (start -0.171267 -0.51) (end 0.171267 -0.51) (layer F.SilkS) (width 0.12))
    (fp_line (start 0.8 0.4) (end -0.8 0.4) (layer F.Fab) (width 0.1))
    (fp_line (start 0.8 -0.4) (end 0.8 0.4) (layer F.Fab) (width 0.1))
    (fp_line (start -0.8 -0.4) (end 0.8 -0.4) (layer F.Fab) (width 0.1))
    (fp_line (start -0.8 0.4) (end -0.8 -0.4) (layer F.Fab) (width 0.1))
    (pad 2 smd roundrect (at 0.875 0 90) (size 1.05 0.95) (layers F.Cu F.Paste F.Mask) (roundrect_rratio 0.25)
      (net 14 "Net-(C10-Pad2)"))
    (pad 1 smd roundrect (at -0.875 0 90) (size 1.05 0.95) (layers F.Cu F.Paste F.Mask) (roundrect_rratio 0.25)
      (net 1 GND))
    (model ${KICAD_USER_LIB_DIR}/3-3DModels/C_0603.step
      (at (xyz 0 0 0))
      (scale (xyz 1 1 1))
      (rotate (xyz 0 0 0))
    )
  )

  (module "Rays Footprints:R_0805_HandSoldering" (layer F.Cu) (tedit 5EA461E6) (tstamp 5ECE0DEF)
    (at 111.4806 97.663 180)
    (descr "Resistor SMD 0805, hand soldering")
    (tags "resistor 0805")
    (path /5F00541A)
    (attr smd)
    (fp_text reference R1 (at -3.302 -0.0254) (layer F.SilkS)
      (effects (font (size 1 1) (thickness 0.15)))
    )
    (fp_text value DNP (at 0 1.75) (layer F.Fab)
      (effects (font (size 1 1) (thickness 0.15)))
    )
    (fp_line (start 2.35 0.9) (end -2.35 0.9) (layer F.CrtYd) (width 0.05))
    (fp_line (start 2.35 0.9) (end 2.35 -0.9) (layer F.CrtYd) (width 0.05))
    (fp_line (start -2.35 -0.9) (end -2.35 0.9) (layer F.CrtYd) (width 0.05))
    (fp_line (start -2.35 -0.9) (end 2.35 -0.9) (layer F.CrtYd) (width 0.05))
    (fp_line (start -0.6 -0.88) (end 0.6 -0.88) (layer F.SilkS) (width 0.12))
